	"Variants"	"4640-LH-1_ACAGTG"	"4640-LH-1_ACTTGA"	"4640-LH-1_ATCACG"	"4640-LH-1_CAGATC"	"4640-LH-1_CGATGT"	"4640-LH-1_CTTGTA"	"4640-LH-1_GCCAAT"	"4640-LH-1_TGACCA"	"4640-LH-1_TTAGGC"
"1"	"V1A"	580	419	966	828	1275	563	1193	837	1089
"2"	"V1R"	0	12	0	1	0	0	0	0	0
"3"	"V1N"	14	84	303	299	378	90	292	320	225
"4"	"V1D"	25	73	243	507	336	94	215	304	342
"5"	"V1C"	0	0	0	0	0	0	0	0	0
"6"	"V1E"	138	66	342	333	472	190	360	351	315
"7"	"V1Q"	241	148	904	721	1011	392	1359	621	562
"8"	"V1G"	1219	2222	451	1123	600	1787	567	692	1170
"9"	"V1H"	77	70	205	200	275	38	207	221	305
"10"	"V1I"	143	32	219	164	358	38	255	255	263
"11"	"V1L"	321	191	710	753	783	286	804	601	568
"12"	"V1K"	88	52	431	374	459	13	526	277	328
"13"	"V1M"	254	159	419	273	527	199	460	297	293
"14"	"V1F"	65	61	301	306	421	95	349	306	340
"15"	"V1P"	107	30	377	383	400	697	470	317	281
"16"	"V1S"	36	51	366	689	399	173	522	387	501
"17"	"V1T"	33	58	363	290	355	117	464	313	302
"18"	"V1W"	107	56	374	454	501	36	486	408	354
"19"	"V1Y"	63	78	233	333	298	63	277	263	391
"20"	"V1V"	3906381	2611460	2879650	3204526	3535635	3324351	3471866	2926541	3284137
"21"	"V1X"	0	0	13	0	11	0	24	0	0
"22"	"V1B"	14	1	3	12	11	0	11	12	36
"23"	"H2A"	0	0	0	0	0	0	0	0	1
"24"	"H2R"	588	357	1246	993	1645	628	1577	1080	1084
"25"	"H2N"	572	206	470	426	621	280	579	461	551
"26"	"H2D"	84	150	277	360	378	154	333	530	414
"27"	"H2C"	464	40	303	240	338	130	313	194	202
"28"	"H2E"	48	90	511	451	584	131	674	351	431
"29"	"H2Q"	315	273	683	788	754	353	738	694	551
"30"	"H2G"	148	161	610	538	758	383	660	556	662
"31"	"H2H"	3905444	2612982	2878153	3203787	3533594	3325524	3470237	2924529	3282699
"32"	"H2I"	123	74	280	368	374	59	335	446	441
"33"	"H2L"	137	79	416	464	489	134	488	323	550
"34"	"H2K"	1109	77	288	273	476	86	382	361	279
"35"	"H2M"	67	70	515	532	563	205	609	406	547
"36"	"H2F"	20	69	254	259	333	197	271	343	332
"37"	"H2P"	66	150	584	823	656	57	804	689	666
"38"	"H2S"	58	72	516	476	545	75	552	319	426
"39"	"H2T"	59	66	308	313	414	23	365	361	330
"40"	"H2W"	65	21	520	406	604	264	648	273	310
"41"	"H2Y"	414	317	574	608	817	449	713	764	631
"42"	"H2V"	105	69	345	464	545	90	416	637	695
"43"	"H2X"	20	0	18	0	6	0	13	4	0
"44"	"H2B"	0	0	2	0	11	0	0	2	0
"45"	"H3A"	0	0	0	0	0	0	0	0	0
"46"	"H3R"	510	306	853	628	1075	889	1130	729	791
"47"	"H3N"	779	370	958	1169	1036	343	1188	922	1093
"48"	"H3D"	592	784	3043	4723	2707	1335	3884	1527	3622
"49"	"H3C"	250	69	322	308	379	77	413	215	282
"50"	"H3E"	17	6	107	190	116	32	128	114	115
"51"	"H3Q"	106	97	404	515	549	97	573	463	495
"52"	"H3G"	126	118	570	684	668	177	657	482	710
"53"	"H3H"	3906301	2612377	2875966	3198607	3532269	3324430	3467010	2924067	3279127
"54"	"H3I"	76	160	295	483	428	238	419	460	565
"55"	"H3L"	108	49	299	401	394	70	333	405	319
"56"	"H3K"	42	70	496	520	577	174	571	371	376
"57"	"H3M"	0	0	0	0	0	0	0	0	0
"58"	"H3F"	204	174	756	597	820	224	983	444	509
"59"	"H3P"	307	80	615	1127	682	189	742	914	1108
"60"	"H3S"	113	112	351	364	428	33	369	266	270
"61"	"H3T"	12	77	369	451	495	72	476	357	386
"62"	"H3W"	82	60	343	413	473	42	465	331	396
"63"	"H3Y"	231	210	589	645	775	307	631	828	1105
"64"	"H3V"	50	195	529	723	632	493	734	428	533
"65"	"H3X"	0	5	8	0	2	0	0	0	0
"66"	"H3B"	0	4	0	21	0	0	1	0	0
"67"	"P4A"	104	104	428	509	528	176	474	429	484
"68"	"P4R"	505	297	392	370	429	540	348	418	397
"69"	"P4N"	58	88	238	309	312	84	234	301	290
"70"	"P4D"	128	75	392	456	505	265	452	468	542
"71"	"P4C"	67	84	356	274	455	53	355	371	328
"72"	"P4E"	108	52	322	356	499	23	447	373	425
"73"	"P4Q"	61	118	271	393	363	76	272	342	413
"74"	"P4G"	624	58	393	369	520	97	468	380	401
"75"	"P4H"	659	208	431	619	509	216	481	603	661
"76"	"P4I"	270	168	260	387	367	227	390	348	386
"77"	"P4L"	536	198	566	471	844	212	796	499	420
"78"	"P4K"	68	290	334	600	448	46	395	504	612
"79"	"P4M"	68	91	258	290	420	51	332	331	281
"80"	"P4F"	203	227	288	785	429	294	374	904	794
"81"	"P4P"	3905154	2612615	2879688	3203965	3534759	3325673	3472075	2924683	3282671
"82"	"P4S"	230	128	450	719	667	222	589	575	660
"83"	"P4T"	507	234	684	813	863	527	902	826	836
"84"	"P4W"	129	82	390	207	577	85	494	337	538
"85"	"P4Y"	309	79	276	378	367	179	317	223	341
"86"	"P4V"	118	127	443	295	642	161	507	408	322
"87"	"P4X"	0	0	12	4	2	15	5	0	0
"88"	"P4B"	0	0	1	0	0	0	0	0	0
"89"	"P5A"	186	85	299	397	396	56	379	345	386
"90"	"P5R"	97	48	307	296	430	88	366	274	307
"91"	"P5N"	147	92	268	294	410	78	274	357	379
"92"	"P5D"	64	134	245	326	366	97	362	312	285
"93"	"P5C"	58	27	282	388	400	172	345	437	288
"94"	"P5E"	325	167	520	480	777	116	567	491	426
"95"	"P5Q"	936	188	707	583	804	190	753	400	489
"96"	"P5G"	36	55	274	203	368	88	264	231	305
"97"	"P5H"	36	241	223	433	347	304	276	332	381
"98"	"P5I"	228	91	208	404	298	197	290	360	408
"99"	"P5L"	456	334	653	527	833	251	739	564	519
"100"	"P5K"	162	56	272	258	349	307	293	252	293
"101"	"P5M"	72	65	349	374	454	106	381	346	307
"102"	"P5F"	199	73	324	307	346	77	280	309	233
"103"	"P5P"	3905237	2612854	2879737	3204578	3534965	3325928	3472419	2925720	3284234
"104"	"P5S"	201	229	452	656	604	355	610	403	534
"105"	"P5T"	1163	272	751	984	946	308	817	1046	878
"106"	"P5W"	45	33	370	176	476	46	426	264	212
"107"	"P5Y"	80	126	288	416	408	212	359	396	443
"108"	"P5V"	178	153	336	489	514	246	500	479	486
"109"	"P5X"	0	0	4	0	2	0	5	0	0
"110"	"P5B"	0	0	4	0	12	0	2	5	9
"111"	"S6A"	89	55	345	710	500	382	450	583	740
"112"	"S6R"	258	147	571	467	700	201	724	401	421
"113"	"S6N"	47	67	326	350	398	164	321	470	402
"114"	"S6D"	112	69	294	414	393	193	352	411	434
"115"	"S6C"	220	55	459	322	533	402	573	309	299
"116"	"S6E"	196	53	294	401	444	49	372	425	624
"117"	"S6Q"	170	60	319	328	479	224	448	368	306
"118"	"S6G"	125	78	344	305	429	68	387	358	474
"119"	"S6H"	42	48	395	233	409	62	513	383	365
"120"	"S6I"	314	87	315	207	396	5	357	288	316
"121"	"S6L"	235	97	357	253	462	79	391	357	419
"122"	"S6K"	243	98	388	522	537	28	487	404	422
"123"	"S6M"	158	77	402	473	572	46	575	371	457
"124"	"S6F"	91	107	307	322	480	175	400	348	316
"125"	"S6P"	508	371	684	573	842	375	812	530	665
"126"	"S6S"	3906287	2613375	2879001	3204779	3534448	3325991	3470980	2925405	3283343
"127"	"S6T"	88	89	296	627	396	83	349	327	450
"128"	"S6W"	186	155	935	421	951	216	1185	858	675
"129"	"S6Y"	514	189	480	501	681	429	645	462	383
"130"	"S6V"	23	44	354	361	430	50	385	258	291
"131"	"S6X"	0	2	7	0	24	0	1	2	0
"132"	"S6B"	0	0	0	0	1	0	0	5	0
"133"	"Y7A"	214	33	371	364	431	86	400	366	419
"134"	"Y7R"	65	60	331	380	479	257	440	460	516
"135"	"Y7N"	244	259	276	512	408	194	376	401	501
"136"	"Y7D"	2974	130	406	465	512	153	531	484	596
"137"	"Y7C"	626	529	1083	1087	1324	458	1234	889	1084
"138"	"Y7E"	122	59	393	576	383	239	438	591	645
"139"	"Y7Q"	37	12	143	287	236	51	167	272	260
"140"	"Y7G"	55	94	375	353	501	294	469	316	359
"141"	"Y7H"	465	406	988	667	1209	398	1226	894	1225
"142"	"Y7I"	66	168	425	287	560	63	533	295	406
"143"	"Y7L"	68	88	231	334	368	73	282	291	359
"144"	"Y7K"	584	232	385	540	480	391	494	732	878
"145"	"Y7M"	166	195	362	464	471	301	430	529	627
"146"	"Y7F"	68	111	385	565	522	74	509	409	367
"147"	"Y7P"	59	312	290	169	333	499	300	371	354
"148"	"Y7S"	168	103	495	366	574	126	569	345	363
"149"	"Y7T"	904	691	440	642	496	1038	497	540	819
"150"	"Y7W"	46	28	338	356	454	91	364	280	228
"151"	"Y7Y"	3902377	2611385	2876907	3202398	3532248	3323163	3468365	2923896	3280567
"152"	"Y7V"	58	76	357	567	522	50	476	437	438
"153"	"Y7X"	522	337	1875	1158	1970	1174	2582	505	764
"154"	"Y7B"	18	15	17	32	24	49	25	20	27
"155"	"V8A"	448	286	833	603	1137	600	1112	717	692
"156"	"V8R"	0	0	0	1	0	0	0	0	0
"157"	"V8N"	437	97	362	117	477	128	386	65	115
"158"	"V8D"	243	163	380	148	513	192	541	98	153
"159"	"V8C"	0	0	0	0	0	0	0	0	0
"160"	"V8E"	241	123	294	320	404	210	378	160	244
"161"	"V8Q"	87	89	265	166	394	291	271	119	153
"162"	"V8G"	19	92	380	151	471	102	384	79	101
"163"	"V8H"	484	472	488	133	677	260	547	188	243
"164"	"V8I"	25	9	350	352	505	40	434	334	402
"165"	"V8L"	440	295	766	510	879	359	881	588	618
"166"	"V8K"	23	79	390	109	452	210	508	106	101
"167"	"V8M"	242	196	450	441	568	196	512	441	557
"168"	"V8F"	408	741	824	1595	852	1240	878	860	1270
"169"	"V8P"	56	110	549	254	635	255	796	229	342
"170"	"V8S"	48	63	448	148	518	70	478	106	121
"171"	"V8T"	370	62	511	222	520	253	593	168	200
"172"	"V8W"	190	297	335	175	428	263	407	198	227
"173"	"V8Y"	250	219	437	489	575	71	517	370	320
"174"	"V8V"	3905894	2611930	2878780	3206630	3534483	3324482	3471068	2928487	3285941
"175"	"V8X"	1	0	31	5	16	0	16	10	2
"176"	"V8B"	0	0	0	0	1	0	0	0	0
"177"	"A9A"	3897727	2607350	2878563	3205939	3533441	3316981	3470440	2927536	3284978
"178"	"A9R"	63	12	365	100	452	48	421	85	61
"179"	"A9N"	267	112	256	79	300	148	286	78	137
"180"	"A9D"	711	207	584	312	703	258	618	258	330
"181"	"A9C"	187	219	267	102	354	283	284	107	171
"182"	"A9E"	325	205	348	246	467	61	431	189	273
"183"	"A9Q"	16	74	301	195	402	107	342	110	106
"184"	"A9G"	70	115	382	359	474	128	384	299	466
"185"	"A9H"	927	476	248	277	334	645	335	170	119
"186"	"A9I"	62	101	194	44	232	162	252	64	75
"187"	"A9L"	2057	1673	412	928	443	2732	443	288	590
"188"	"A9K"	60	50	263	55	344	12	316	62	91
"189"	"A9M"	252	267	191	108	297	431	235	173	189
"190"	"A9F"	1990	1199	602	431	715	1910	808	410	447
"191"	"A9P"	129	195	394	225	496	112	522	239	226
"192"	"A9S"	511	266	470	493	704	436	623	474	341
"193"	"A9T"	1854	1106	1438	1085	2017	2546	1879	1300	1355
"194"	"A9W"	361	124	410	582	541	264	506	479	846
"195"	"A9Y"	1409	1051	235	370	334	1086	324	256	324
"196"	"A9V"	928	521	944	639	1442	872	1257	745	677
"197"	"A9X"	0	0	1	0	3	0	0	1	0
"198"	"A9B"	0	0	5	0	10	0	1	0	0
"199"	"H10A"	0	0	0	0	0	0	0	0	0
"200"	"H10R"	785	478	1058	1031	1396	394	1279	879	804
"201"	"H10N"	825	259	703	1033	781	285	817	754	936
"202"	"H10D"	377	100	311	352	404	41	368	264	287
"203"	"H10C"	45	70	286	248	409	59	327	342	227
"204"	"H10E"	172	132	266	550	430	76	342	582	764
"205"	"H10Q"	309	166	548	870	689	244	650	875	756
"206"	"H10G"	88	64	306	290	406	81	366	295	425
"207"	"H10H"	3905606	2613159	2880276	3205066	3535376	3326447	3472596	2925971	3283735
"208"	"H10I"	18	14	210	134	327	7	288	187	206
"209"	"H10L"	284	81	251	285	435	126	355	220	295
"210"	"H10K"	22	73	280	300	442	92	360	324	385
"211"	"H10M"	265	102	232	287	330	89	288	499	410
"212"	"H10F"	255	120	291	361	398	291	340	468	443
"213"	"H10P"	33	49	224	111	344	16	327	118	186
"214"	"H10S"	91	60	296	207	354	255	320	166	296
"215"	"H10T"	81	22	222	309	454	73	310	266	359
"216"	"H10W"	83	65	268	323	406	44	337	297	388
"217"	"H10Y"	426	256	469	458	612	476	568	408	448
"218"	"H10V"	141	53	366	351	507	126	457	407	450
"219"	"H10X"	0	0	10	3	5	0	12	1	2
"220"	"H10B"	0	0	0	0	0	0	0	0	0
"221"	"L11A"	52	28	255	247	366	52	278	177	180
"222"	"L11R"	169	167	572	828	599	279	598	468	1238
"223"	"L11N"	96	73	345	189	557	145	464	133	107
"224"	"L11D"	26	29	544	67	608	5	616	127	77
"225"	"L11C"	0	0	0	0	0	0	0	0	0
"226"	"L11E"	11	23	242	107	329	120	347	57	51
"227"	"L11Q"	253	90	332	374	456	118	416	210	455
"228"	"L11G"	86	73	481	188	606	80	540	127	97
"229"	"L11H"	169	123	506	328	650	116	654	187	376
"230"	"L11I"	143	36	373	179	456	86	453	241	250
"231"	"L11L"	3906857	2613554	2879118	3207456	3534176	3326960	3471205	2929068	3285876
"232"	"L11K"	108	113	317	227	488	46	385	239	276
"233"	"L11M"	659	193	553	573	627	209	642	483	526
"234"	"L11F"	42	62	436	108	482	75	498	156	159
"235"	"L11P"	1045	465	1378	564	2140	610	1805	759	606
"236"	"L11S"	63	66	292	86	418	12	388	73	181
"237"	"L11T"	20	35	209	106	335	38	275	83	198
"238"	"L11W"	33	104	181	126	294	43	257	76	111
"239"	"L11Y"	23	47	322	266	422	61	443	200	291
"240"	"L11V"	51	42	414	550	494	167	434	459	747
"241"	"L11X"	0	0	3	0	2	0	9	0	0
"242"	"L11B"	0	0	0	0	0	0	0	0	0
"243"	"A12A"	3905834	2613314	2880198	3207706	3535741	3325991	3472341	2929111	3286574
"244"	"A12R"	65	4	192	11	257	157	233	15	20
"245"	"A12N"	8	17	263	81	285	34	312	37	54
"246"	"A12D"	744	193	412	329	605	203	629	189	211
"247"	"A12C"	418	32	288	303	387	92	360	157	203
"248"	"A12E"	14	25	332	77	421	40	437	119	119
"249"	"A12Q"	24	121	207	111	290	30	326	111	130
"250"	"A12G"	35	34	269	104	389	70	380	93	153
"251"	"A12H"	27	8	282	99	319	63	328	47	65
"252"	"A12I"	49	45	327	303	482	210	423	310	334
"253"	"A12L"	19	16	127	62	196	30	122	117	108
"254"	"A12K"	101	29	265	90	376	550	348	30	97
"255"	"A12M"	55	84	292	361	353	67	359	352	303
"256"	"A12F"	182	155	338	405	440	78	363	283	512
"257"	"A12P"	147	36	267	59	311	90	334	33	84
"258"	"A12S"	659	304	738	401	862	258	870	342	309
"259"	"A12T"	910	524	998	910	1362	739	1223	882	1141
"260"	"A12W"	163	111	366	392	487	137	423	420	651
"261"	"A12Y"	25	89	277	142	385	7	320	186	138
"262"	"A12V"	427	182	429	618	546	331	570	486	589
"263"	"A12X"	0	0	0	0	4	0	1	0	0
"264"	"A12B"	0	0	6	5	7	45	5	3	7
"265"	"S13A"	292	51	333	73	409	55	331	92	177
"266"	"S13R"	40	26	265	77	336	23	342	44	55
"267"	"S13N"	542	322	368	393	523	236	434	406	482
"268"	"S13D"	52	35	386	67	576	33	523	206	175
"269"	"S13C"	17	64	310	69	443	66	441	71	33
"270"	"S13E"	37	78	360	79	400	11	421	62	53
"271"	"S13Q"	0	0	0	0	0	0	0	0	0
"272"	"S13G"	68	26	395	114	548	41	457	82	116
"273"	"S13H"	0	0	0	0	0	0	0	0	0
"274"	"S13I"	73	55	306	71	378	58	395	62	107
"275"	"S13L"	310	113	701	138	826	197	853	185	177
"276"	"S13K"	66	33	299	24	429	19	398	32	34
"277"	"S13M"	6	33	254	46	281	71	272	36	77
"278"	"S13F"	24	80	345	69	479	70	429	80	57
"279"	"S13P"	673	324	698	408	889	463	848	410	448
"280"	"S13S"	3906851	2613620	2879337	3210254	3535028	3327203	3471568	2930911	3289031
"281"	"S13T"	326	110	289	250	395	169	362	223	258
"282"	"S13W"	64	43	377	38	490	111	446	75	84
"283"	"S13Y"	186	115	570	168	741	161	631	96	172
"284"	"S13V"	27	7	380	77	517	60	458	75	98
"285"	"S13X"	252	188	900	154	815	175	1098	174	168
"286"	"S13B"	0	0	0	0	2	0	0	1	0
"287"	"D14A"	3	2	8	5	5	5	6	6	3
"288"	"D14R"	103	44	298	367	434	27	416	85	302
"289"	"D14N"	178	75	516	274	618	101	580	315	630
"290"	"D14D"	3906928	2613937	2879308	3208243	3534551	3326897	3470961	2929809	3287909
"291"	"D14C"	105	75	474	252	653	39	594	166	141
"292"	"D14E"	307	164	476	774	653	334	691	641	627
"293"	"D14Q"	52	48	277	149	370	63	379	116	155
"294"	"D14G"	399	268	921	517	1124	404	1024	391	539
"295"	"D14H"	45	28	196	268	298	65	243	103	62
"296"	"D14I"	211	28	341	84	459	83	419	116	55
"297"	"D14L"	42	21	407	74	599	156	546	74	61
"298"	"D14K"	6	22	232	106	311	146	293	111	74
"299"	"D14M"	14	34	373	79	485	74	494	56	95
"300"	"D14F"	128	18	378	41	537	101	507	50	50
"301"	"D14P"	841	134	611	251	780	123	933	434	204
"302"	"D14S"	41	42	401	346	512	22	633	178	231
"303"	"D14T"	13	33	188	221	201	102	239	161	286
"304"	"D14W"	5	4	323	18	501	9	358	38	20
"305"	"D14Y"	329	228	556	269	685	175	618	226	189
"306"	"D14V"	156	118	585	231	726	296	772	247	168
"307"	"D14X"	0	0	4	0	2	0	1	0	1
"308"	"D14B"	0	0	0	0	1	0	0	0	0
"309"	"F15A"	18	4	267	38	391	9	397	43	41
"310"	"F15R"	9	43	378	92	443	88	521	20	25
"311"	"F15N"	7	42	438	54	594	5	592	57	45
"312"	"F15D"	37	59	533	77	632	34	639	17	39
"313"	"F15C"	32	62	389	55	459	28	502	21	34
"314"	"F15E"	50	50	438	52	533	132	521	46	73
"315"	"F15Q"	3	8	124	6	172	3	156	15	5
"316"	"F15G"	100	6	299	35	429	116	410	11	36
"317"	"F15H"	3	12	308	43	385	7	386	19	35
"318"	"F15I"	92	88	397	170	475	146	484	127	138
"319"	"F15L"	831	485	810	695	1007	609	957	624	772
"320"	"F15K"	24	51	446	28	598	99	559	78	66
"321"	"F15M"	6	44	230	79	351	41	277	105	121
"322"	"F15F"	3907658	2613903	2879325	3210253	3534590	3327354	3471192	2931523	3289687
"323"	"F15P"	4	8	267	38	360	2	345	10	9
"324"	"F15S"	358	289	957	227	1272	210	1114	269	246
"325"	"F15T"	0	21	188	164	241	36	235	45	105
"326"	"F15W"	41	10	275	29	478	0	366	30	57
"327"	"F15Y"	255	67	387	134	491	100	465	64	82
"328"	"F15V"	378	71	413	300	592	203	571	198	186
"329"	"F15X"	0	0	4	0	12	0	18	1	0
"330"	"F15B"	0	0	0	0	0	0	0	0	0
"331"	"G16A"	11	11	10	14	20	14	14	18	11
"332"	"G16R"	318	132	242	143	326	209	278	165	166
"333"	"G16N"	0	0	0	0	0	0	0	0	0
"334"	"G16D"	0	0	0	0	0	0	2	0	3
"335"	"G16C"	0	0	0	2	0	0	0	0	0
"336"	"G16E"	158	84	174	100	233	102	176	89	120
"337"	"G16Q"	0	0	0	0	0	0	0	0	0
"338"	"G16G"	3907576	2614657	2884249	3211893	3542521	3328447	3477990	2932593	3291080
"339"	"G16H"	0	0	0	0	0	0	0	0	0
"340"	"G16I"	0	0	0	0	0	0	0	0	0
"341"	"G16L"	1	0	3	0	5	0	2	0	0
"342"	"G16K"	7	3	11	5	7	0	30	5	18
"343"	"G16M"	1	0	2	0	1	0	2	0	0
"344"	"G16F"	0	0	0	0	0	0	0	0	0
"345"	"G16P"	0	0	0	0	0	0	0	0	0
"346"	"G16S"	0	0	0	0	0	0	0	0	0
"347"	"G16T"	0	0	0	0	0	0	0	0	0
"348"	"G16W"	1048	238	1079	221	772	228	1112	235	223
"349"	"G16Y"	0	0	0	0	0	0	0	0	0
"350"	"G16V"	786	197	1103	191	620	222	1101	218	181
"351"	"G16X"	0	1	0	0	0	0	0	0	0
"352"	"G16B"	0	0	0	0	0	0	0	0	0
"353"	"V17A"	311	178	397	232	433	232	395	253	317
"354"	"V17R"	0	0	0	0	0	0	0	0	0
"355"	"V17N"	32	16	136	84	173	43	148	12	37
"356"	"V17D"	31	4	205	103	263	1	163	22	41
"357"	"V17C"	0	0	0	0	0	0	0	0	0
"358"	"V17E"	46	56	174	66	177	67	149	37	61
"359"	"V17Q"	93	32	308	42	445	48	349	86	34
"360"	"V17G"	9	9	210	97	262	110	178	39	86
"361"	"V17H"	48	43	213	80	288	23	198	31	10
"362"	"V17I"	26	40	164	532	184	32	168	610	660
"363"	"V17L"	274	168	603	596	767	146	765	687	477
"364"	"V17K"	32	20	161	76	243	0	159	19	11
"365"	"V17M"	217	95	523	788	646	168	561	594	600
"366"	"V17F"	61	53	178	237	264	28	194	140	184
"367"	"V17P"	26	1	126	17	188	0	108	9	20
"368"	"V17S"	0	26	160	80	208	38	159	114	83
"369"	"V17T"	64	78	270	168	380	133	317	405	177
"370"	"V17W"	28	30	183	93	258	5	187	19	28
"371"	"V17Y"	36	22	164	31	220	17	167	90	59
"372"	"V17V"	3908572	2614452	2882693	3209244	3539098	3328131	3476327	2930156	3288917
"373"	"V17X"	0	0	5	3	7	0	13	0	0
"374"	"V17B"	0	0	0	0	1	0	2	0	0
"375"	"R18A"	10	23	151	61	189	4	125	71	115
"376"	"R18R"	3906928	2613715	2881169	3209613	3537845	3327233	3474162	2930980	3289093
"377"	"R18N"	1	68	156	122	209	15	183	82	67
"378"	"R18D"	57	21	162	57	246	27	177	29	52
"379"	"R18C"	5	8	116	69	127	2	115	17	22
"380"	"R18E"	2	5	142	89	182	0	165	53	32
"381"	"R18Q"	9	8	108	76	144	26	120	97	69
"382"	"R18G"	535	341	627	392	772	337	686	435	382
"383"	"R18H"	34	76	145	232	210	195	146	170	227
"384"	"R18I"	131	24	299	94	413	42	474	37	49
"385"	"R18L"	0	19	72	13	127	28	101	34	37
"386"	"R18K"	242	290	419	373	472	401	449	327	357
"387"	"R18M"	932	317	1311	349	1068	282	1448	322	338
"388"	"R18F"	19	40	313	75	467	26	403	64	33
"389"	"R18P"	18	7	121	9	143	5	115	21	61
"390"	"R18S"	657	209	808	532	872	273	875	366	567
"391"	"R18T"	130	59	308	182	389	82	385	91	109
"392"	"R18W"	95	82	219	155	303	82	282	95	112
"393"	"R18Y"	93	0	117	30	181	162	151	16	62
"394"	"R18V"	8	11	103	46	142	0	139	16	17
"395"	"R18X"	0	0	7	0	3	0	6	0	1
"396"	"R18B"	0	0	0	0	1	0	0	0	0
"397"	"V19A"	434	226	579	356	772	313	636	291	324
"398"	"V19R"	0	0	0	0	0	0	0	0	0
"399"	"V19N"	0	0	0	0	0	0	0	0	0
"400"	"V19D"	0	0	0	0	0	0	0	0	0
"401"	"V19C"	0	0	0	0	0	0	0	0	0
"402"	"V19E"	58	53	49	46	72	56	54	41	59
"403"	"V19Q"	0	0	0	0	0	0	0	0	0
"404"	"V19G"	9	6	9	7	14	3	11	2	3
"405"	"V19H"	0	0	0	0	0	0	0	0	0
"406"	"V19I"	0	0	0	0	0	0	0	0	0
"407"	"V19L"	337	199	379	234	403	181	417	206	194
"408"	"V19K"	0	0	0	0	0	0	0	0	0
"409"	"V19M"	185	96	153	152	248	136	232	133	134
"410"	"V19F"	0	0	0	0	0	0	0	0	0
"411"	"V19P"	0	0	0	0	0	0	0	0	0
"412"	"V19S"	0	0	0	0	3	0	1	0	1
"413"	"V19T"	0	0	0	0	0	0	0	0	0
"414"	"V19W"	0	0	0	0	0	0	0	0	0
"415"	"V19Y"	0	0	0	0	0	0	0	0	0
"416"	"V19V"	3908883	2614743	2885704	3211774	3542993	3328533	3479356	2932650	3291087
"417"	"V19X"	0	0	0	0	0	0	0	0	0
"418"	"V19B"	0	0	0	0	0	0	0	0	0
"419"	"F20A"	53	10	296	81	340	39	356	36	29
"420"	"F20R"	56	40	516	17	596	50	657	109	85
"421"	"F20N"	75	75	375	24	482	24	431	52	35
"422"	"F20D"	15	87	324	11	458	7	402	109	26
"423"	"F20C"	47	80	453	42	521	66	551	46	71
"424"	"F20E"	1	17	492	116	601	269	543	39	35
"425"	"F20Q"	7	58	240	41	308	5	351	10	29
"426"	"F20G"	60	62	387	103	413	118	351	72	124
"427"	"F20H"	10	9	400	50	441	70	497	15	67
"428"	"F20I"	370	85	466	75	582	82	570	87	80
"429"	"F20L"	700	336	954	439	1198	483	1209	424	432
"430"	"F20K"	58	42	408	29	526	41	504	26	13
"431"	"F20M"	54	33	310	42	369	15	382	18	36
"432"	"F20F"	3907230	2613699	2878243	3209969	3533876	3325840	3470195	2930815	3288958
"433"	"F20P"	13	13	269	34	383	12	322	48	5
"434"	"F20S"	477	374	1026	463	1368	435	1316	453	438
"435"	"F20T"	18	11	380	21	474	998	514	31	18
"436"	"F20W"	36	52	435	418	524	120	516	262	374
"437"	"F20Y"	537	197	485	534	555	287	534	618	863
"438"	"F20V"	89	42	414	59	484	260	478	53	84
"439"	"F20X"	0	1	0	1	3	1	25	0	0
"440"	"F20B"	0	0	0	0	3	0	3	0	0
"441"	"Q21A"	0	0	0	0	0	0	0	0	0
"442"	"Q21R"	754	476	1234	955	1478	676	1459	935	977
"443"	"Q21N"	1	227	379	260	499	52	452	287	362
"444"	"Q21D"	71	54	612	241	538	8	796	177	153
"445"	"Q21C"	71	44	259	164	374	118	384	102	201
"446"	"Q21E"	39	27	313	129	450	53	405	125	158
"447"	"Q21Q"	3905774	2611634	2874738	3198864	3531567	3324331	3466293	2925594	3279222
"448"	"Q21G"	128	41	299	192	472	77	417	140	182
"449"	"Q21H"	362	254	601	611	788	260	775	474	507
"450"	"Q21I"	58	31	270	154	396	76	383	186	250
"451"	"Q21L"	129	164	543	378	583	179	533	431	348
"452"	"Q21K"	497	200	402	444	546	196	523	384	422
"453"	"Q21M"	10	46	406	192	475	124	404	187	213
"454"	"Q21F"	115	65	419	203	509	55	507	134	209
"455"	"Q21P"	183	203	779	175	869	110	924	116	236
"456"	"Q21S"	0	0	0	0	0	0	0	0	0
"457"	"Q21T"	40	86	303	126	415	58	323	235	182
"458"	"Q21W"	104	49	334	118	389	116	369	151	91
"459"	"Q21Y"	124	80	329	119	342	0	356	103	104
"460"	"Q21V"	91	51	251	223	357	114	374	156	254
"461"	"Q21X"	1	0	8	0	2	0	15	0	1
"462"	"Q21B"	1354	1591	4394	9021	3456	2619	5015	3406	7730
"463"	"Q22A"	0	0	1	0	0	0	0	0	0
"464"	"Q22R"	1346	506	1450	786	1889	656	1691	926	784
"465"	"Q22N"	31	27	283	112	428	40	450	170	132
"466"	"Q22D"	64	53	316	146	431	109	401	93	115
"467"	"Q22C"	61	14	292	144	374	4	391	72	79
"468"	"Q22E"	64	78	294	401	368	166	302	262	404
"469"	"Q22Q"	3902091	2610414	2874474	3196704	3529082	3322627	3465679	2922909	3277101
"470"	"Q22G"	30	58	352	303	558	133	514	122	132
"471"	"Q22H"	531	306	667	398	815	325	806	345	490
"472"	"Q22I"	57	66	352	210	491	59	497	107	257
"473"	"Q22L"	1117	228	398	439	562	205	537	218	302
"474"	"Q22K"	375	188	646	362	690	272	725	374	446
"475"	"Q22M"	31	27	299	196	425	6	386	211	124
"476"	"Q22F"	10	135	342	263	480	90	415	108	126
"477"	"Q22P"	72	94	660	132	716	116	740	121	93
"478"	"Q22S"	1	0	1	0	5	0	1	0	1
"479"	"Q22T"	66	31	277	133	388	72	325	81	138
"480"	"Q22W"	20	30	273	177	398	35	375	84	98
"481"	"Q22Y"	97	49	274	202	331	53	288	171	159
"482"	"Q22V"	72	44	287	365	404	118	362	205	220
"483"	"Q22X"	0	0	2	2	1	0	0	1	0
"484"	"Q22B"	3770	2975	4933	11094	5669	4136	5822	6743	10601
"485"	"V23A"	402	203	643	341	794	224	769	343	390
"486"	"V23R"	0	0	0	0	1	0	0	0	0
"487"	"V23N"	748	6	284	29	379	61	322	58	36
"488"	"V23D"	10	56	312	11	466	58	384	23	29
"489"	"V23C"	0	0	0	0	0	0	0	0	0
"490"	"V23E"	86	125	394	129	454	88	452	95	209
"491"	"V23Q"	11	27	190	35	271	23	243	60	39
"492"	"V23G"	85	10	300	27	377	20	361	24	32
"493"	"V23H"	25	21	359	128	469	39	524	68	81
"494"	"V23I"	385	34	270	285	383	20	318	313	267
"495"	"V23L"	198	118	488	338	581	191	560	341	314
"496"	"V23K"	44	19	274	57	360	22	317	97	122
"497"	"V23M"	169	111	536	149	549	133	690	111	182
"498"	"V23F"	152	27	478	130	637	47	511	199	271
"499"	"V23P"	6	19	233	13	304	38	237	5	4
"500"	"V23S"	4	39	302	122	381	149	363	64	75
"501"	"V23T"	38	1	325	128	409	46	429	43	88
"502"	"V23W"	0	28	321	40	376	25	354	98	38
"503"	"V23Y"	36	18	330	111	492	49	397	99	121
"504"	"V23V"	3907507	2614461	2880831	3210496	3536813	3327989	3473472	2931280	3289504
"505"	"V23X"	0	0	2	0	8	0	4	2	0
"506"	"V23B"	0	0	1	0	1	0	0	0	0
"507"	"A24A"	3905752	2613073	2879188	3207100	3534381	3326501	3471414	2928701	3286480
"508"	"A24R"	0	0	0	1	0	0	0	0	0
"509"	"A24N"	17	46	246	81	397	17	350	67	70
"510"	"A24D"	239	110	428	108	553	79	477	87	126
"511"	"A24C"	25	89	354	262	532	55	429	216	289
"512"	"A24E"	1034	230	593	428	824	378	717	334	356
"513"	"A24Q"	48	177	234	178	398	73	282	199	235
"514"	"A24G"	205	67	447	207	625	77	538	191	179
"515"	"A24H"	43	37	254	126	387	0	316	206	204
"516"	"A24I"	82	55	342	245	437	45	415	299	302
"517"	"A24L"	5	54	271	251	363	8	295	285	249
"518"	"A24K"	79	24	322	98	450	129	392	99	187
"519"	"A24M"	63	90	404	284	443	154	480	201	220
"520"	"A24F"	84	59	477	222	560	57	576	204	383
"521"	"A24P"	56	39	481	100	532	178	516	104	191
"522"	"A24S"	395	191	395	375	416	154	465	292	336
"523"	"A24T"	625	392	1031	962	1225	398	1229	671	865
"524"	"A24W"	62	22	239	190	381	209	317	144	150
"525"	"A24Y"	94	94	320	248	408	96	376	125	155
"526"	"A24V"	998	474	846	1103	1192	614	1123	897	825
"527"	"A24X"	0	0	1	0	1	0	0	0	0
"528"	"A24B"	0	0	0	0	0	0	0	1	0
"529"	"Q25A"	0	0	1	0	0	0	0	0	0
"530"	"Q25R"	734	385	845	832	1247	419	1096	687	811
"531"	"Q25N"	58	47	257	387	415	60	352	511	462
"532"	"Q25D"	126	26	347	355	465	164	444	209	298
"533"	"Q25C"	23	86	297	220	462	13	378	188	194
"534"	"Q25E"	76	89	792	923	718	60	988	403	765
"535"	"Q25Q"	3899167	2603975	2876913	3195881	3531906	3315128	3468562	2922718	3274481
"536"	"Q25G"	62	76	305	211	451	79	344	229	382
"537"	"Q25H"	759	334	939	761	1102	482	1165	735	844
"538"	"Q25I"	73	50	423	317	590	76	473	406	465
"539"	"Q25L"	190	286	542	578	717	219	712	644	828
"540"	"Q25K"	393	189	484	442	591	211	584	340	458
"541"	"Q25M"	59	96	252	278	372	115	322	527	499
"542"	"Q25F"	157	44	398	212	483	59	494	203	282
"543"	"Q25P"	156	53	414	113	538	68	537	128	156
"544"	"Q25S"	0	0	0	0	0	0	0	0	0
"545"	"Q25T"	85	86	448	450	513	95	457	264	466
"546"	"Q25W"	0	46	246	136	338	23	324	117	155
"547"	"Q25Y"	108	97	328	161	418	48	377	220	246
"548"	"Q25V"	31	81	340	389	495	43	559	239	415
"549"	"Q25X"	1	1	3	0	5	0	0	0	15
"550"	"Q25B"	7648	9276	2299	9923	2679	11860	2539	4555	9580
"551"	"A26A"	3906471	2612903	2874865	3206259	3531825	3326768	3466540	2926418	3284323
"552"	"A26R"	14	42	290	231	374	11	346	160	201
"553"	"A26N"	46	27	272	213	307	93	331	193	167
"554"	"A26D"	995	296	607	886	898	368	846	729	878
"555"	"A26C"	240	108	411	211	615	62	524	334	316
"556"	"A26E"	58	44	561	364	588	109	618	362	410
"557"	"A26Q"	75	89	286	233	387	2	296	277	339
"558"	"A26G"	62	142	371	298	564	59	484	355	399
"559"	"A26H"	26	61	308	164	408	9	378	262	244
"560"	"A26I"	48	16	335	214	387	70	424	316	240
"561"	"A26L"	29	88	305	236	410	61	385	313	359
"562"	"A26K"	101	68	257	191	336	78	286	314	262
"563"	"A26M"	208	325	5032	524	3365	618	5544	568	587
"564"	"A26F"	119	84	361	331	543	100	433	300	340
"565"	"A26P"	30	34	199	84	265	21	342	101	72
"566"	"A26S"	583	403	523	693	795	228	667	553	683
"567"	"A26T"	324	234	556	589	693	256	687	719	767
"568"	"A26W"	46	42	434	198	598	29	530	187	190
"569"	"A26Y"	159	156	377	305	490	68	473	433	649
"570"	"A26V"	272	161	519	345	657	212	561	429	376
"571"	"A26X"	0	0	4	0	0	0	12	0	0
"572"	"A26B"	0	0	0	0	0	0	0	0	0
"573"	"S27A"	168	119	321	367	497	158	467	474	456
"574"	"S27R"	204	75	391	360	491	62	471	203	438
"575"	"S27N"	118	194	252	338	351	242	370	341	340
"576"	"S27D"	162	145	435	465	575	316	563	473	464
"577"	"S27C"	175	329	390	301	465	65	439	310	432
"578"	"S27E"	75	153	354	441	464	250	413	502	432
"579"	"S27Q"	48	29	301	354	440	242	403	418	364
"580"	"S27G"	29	160	675	539	905	120	987	401	645
"581"	"S27H"	119	85	273	311	376	51	318	423	423
"582"	"S27I"	60	52	341	178	388	54	378	178	200
"583"	"S27L"	52	101	449	292	563	102	564	226	248
"584"	"S27K"	19	58	278	203	325	32	285	200	307
"585"	"S27M"	46	78	324	309	407	114	422	242	336
"586"	"S27F"	469	267	572	540	783	580	685	646	621
"587"	"S27P"	766	512	860	608	1157	611	1061	585	622
"588"	"S27S"	3906712	2612652	2879189	3205562	3534386	3325646	3471112	2926430	3284150
"589"	"S27T"	156	108	276	229	281	148	293	255	313
"590"	"S27W"	150	59	374	329	521	119	476	254	209
"591"	"S27Y"	333	123	454	598	594	233	553	511	534
"592"	"S27V"	45	23	358	243	532	77	440	248	267
"593"	"S27X"	0	1	6	1	2	0	7	3	0
"594"	"S27B"	0	0	0	1	2	0	0	0	1
"595"	"K28A"	350	187	720	1304	745	459	927	678	1034
"596"	"K28R"	471	364	777	717	1119	569	1033	758	803
"597"	"K28N"	700	338	864	732	1083	383	1071	683	593
"598"	"K28D"	107	53	331	143	397	158	443	233	251
"599"	"K28C"	298	261	767	621	1103	365	952	493	461
"600"	"K28E"	1258	665	1710	1266	2333	867	1967	1396	1591
"601"	"K28Q"	183	98	354	429	443	452	450	381	516
"602"	"K28G"	221	125	425	830	628	212	478	709	858
"603"	"K28H"	102	78	417	417	471	58	505	501	433
"604"	"K28I"	246	125	369	799	577	145	470	672	1073
"605"	"K28L"	109	82	516	483	680	130	587	513	589
"606"	"K28K"	3904354	2611834	2876548	3201755	3530757	3323658	3467886	2923414	3280118
"607"	"K28M"	187	187	472	437	614	331	628	425	480
"608"	"K28F"	139	116	556	354	735	131	684	671	535
"609"	"K28P"	246	193	397	743	549	406	506	586	649
"610"	"K28S"	22	7	286	207	291	304	339	171	203
"611"	"K28T"	66	115	191	204	272	101	260	229	323
"612"	"K28W"	510	93	355	310	527	213	467	289	355
"613"	"K28Y"	112	57	432	319	633	117	573	214	422
"614"	"K28V"	187	272	322	405	485	67	424	257	410
"615"	"K28X"	0	0	0	1	0	0	0	0	0
"616"	"K28B"	38	73	64	93	63	96	57	50	105
