	"Variants"	"4640-LH-1_ACAGTG"	"4640-LH-1_ACTTGA"	"4640-LH-1_ATCACG"	"4640-LH-1_CAGATC"	"4640-LH-1_CGATGT"	"4640-LH-1_CTTGTA"	"4640-LH-1_GCCAAT"	"4640-LH-1_TGACCA"	"4640-LH-1_TTAGGC"
"1"	"S310A"	30	12	315	221	296	101	231	238	250
"2"	"S310R"	0	36	248	22	335	28	236	49	29
"3"	"S310N"	39	96	346	87	408	118	346	150	153
"4"	"S310D"	92	39	424	135	506	207	348	225	274
"5"	"S310C"	35	15	301	181	335	134	303	244	329
"6"	"S310E"	37	70	605	97	672	39	593	104	201
"7"	"S310Q"	0	2	0	0	1	0	0	0	1
"8"	"S310G"	3	40	500	244	556	180	500	213	190
"9"	"S310H"	0	0	0	0	0	0	0	0	0
"10"	"S310I"	208	32	697	251	689	757	642	205	257
"11"	"S310L"	194	210	622	320	792	147	693	253	547
"12"	"S310K"	4	37	243	56	324	0	212	97	105
"13"	"S310M"	44	31	300	67	444	73	315	164	268
"14"	"S310F"	17	44	266	48	284	10	244	51	99
"15"	"S310P"	642	344	1642	432	2047	602	1638	576	671
"16"	"S310S"	3725943	2220796	3267131	2436146	3864475	3176376	3172727	3205215	3721452
"17"	"S310T"	85	98	339	243	403	95	366	306	373
"18"	"S310W"	0	22	356	54	383	36	336	119	62
"19"	"S310Y"	26	41	670	115	703	94	639	225	180
"20"	"S310V"	85	131	396	150	432	68	416	347	353
"21"	"S310X"	140	103	272	118	367	115	257	138	129
"22"	"S310B"	0	0	0	0	1	2	2	0	0
"23"	"D311A"	74	75	265	358	321	250	275	448	760
"24"	"D311R"	40	62	229	134	306	134	243	189	226
"25"	"D311N"	193	48	283	191	281	55	242	268	311
"26"	"D311D"	3725014	2220502	3269032	2434240	3866622	3176322	3174638	3202198	3718090
"27"	"D311C"	131	27	271	234	331	7	290	286	224
"28"	"D311E"	253	225	549	680	807	448	608	1034	880
"29"	"D311Q"	84	157	185	265	232	93	181	390	562
"30"	"D311G"	491	300	869	521	1036	333	795	659	697
"31"	"D311H"	126	48	224	138	287	43	240	203	228
"32"	"D311I"	96	38	177	174	232	80	164	167	310
"33"	"D311L"	36	16	283	173	295	8	233	230	245
"34"	"D311K"	34	61	349	283	410	17	350	343	414
"35"	"D311M"	266	114	221	142	256	427	209	267	194
"36"	"D311F"	80	70	300	182	318	37	296	187	303
"37"	"D311P"	79	28	259	167	314	80	222	211	370
"38"	"D311S"	109	81	229	123	268	164	232	208	234
"39"	"D311T"	74	41	391	203	432	180	351	424	504
"40"	"D311W"	39	8	329	173	387	41	326	224	233
"41"	"D311Y"	261	217	963	323	986	303	894	564	521
"42"	"D311V"	144	81	264	283	331	160	254	419	616
"43"	"D311X"	0	0	1	0	1	0	1	0	0
"44"	"D311B"	0	0	0	0	0	0	0	0	1
"45"	"Q312A"	31	23	226	158	225	78	236	183	175
"46"	"Q312R"	1358	792	2877	1844	3297	3283	2931	1965	2564
"47"	"Q312N"	39	40	264	376	432	173	301	311	264
"48"	"Q312D"	179	30	360	331	446	270	306	306	390
"49"	"Q312C"	46	46	542	262	511	115	462	334	420
"50"	"Q312E"	124	82	377	436	470	203	377	511	500
"51"	"Q312Q"	3724113	2219828	3264966	2431821	3861386	3171499	3170303	3199870	3715346
"52"	"Q312G"	258	77	468	398	553	142	456	656	658
"53"	"Q312H"	105	58	359	264	414	208	332	262	393
"54"	"Q312I"	96	86	416	361	507	101	467	425	359
"55"	"Q312L"	82	151	369	211	481	123	394	231	231
"56"	"Q312K"	318	292	711	556	1010	1492	638	826	949
"57"	"Q312M"	73	18	344	196	511	44	380	219	280
"58"	"Q312F"	80	50	379	182	518	39	358	308	290
"59"	"Q312P"	28	48	349	70	436	113	412	121	186
"60"	"Q312S"	67	178	364	265	464	262	330	484	470
"61"	"Q312T"	184	165	890	556	936	533	915	788	1030
"62"	"Q312W"	134	48	465	178	596	185	458	249	340
"63"	"Q312Y"	83	37	300	249	361	135	278	302	531
"64"	"Q312V"	101	65	322	192	427	46	380	418	415
"65"	"Q312X"	125	85	325	81	472	138	329	149	132
"66"	"Q312B"	0	0	0	0	0	0	1	1	0
"67"	"E313A"	239	73	225	360	306	15	266	326	298
"68"	"E313R"	25	21	233	327	297	58	291	352	623
"69"	"E313N"	17	35	287	106	375	15	302	169	186
"70"	"E313D"	432	264	1352	562	1350	434	1351	598	670
"71"	"E313C"	64	86	454	152	502	38	427	201	378
"72"	"E313E"	3724332	2220557	3267543	2434058	3864861	3176653	3172754	3203116	3718871
"73"	"E313Q"	212	60	345	205	450	154	336	309	329
"74"	"E313G"	641	416	989	678	1204	463	941	828	865
"75"	"E313H"	56	33	432	246	409	73	471	144	213
"76"	"E313I"	44	78	294	131	377	28	288	145	148
"77"	"E313L"	68	24	326	147	443	69	269	156	188
"78"	"E313K"	199	99	365	210	485	183	409	357	440
"79"	"E313M"	237	42	318	151	388	34	363	195	202
"80"	"E313F"	53	21	417	271	531	57	440	317	379
"81"	"E313P"	475	10	335	43	365	83	333	206	173
"82"	"E313S"	0	0	1	2	0	0	0	0	1
"83"	"E313T"	156	67	364	213	431	88	401	279	379
"84"	"E313W"	91	10	401	273	447	53	423	190	230
"85"	"E313Y"	56	113	436	461	547	330	442	607	798
"86"	"E313V"	154	124	403	273	512	170	392	341	472
"87"	"E313X"	0	3	0	0	0	1	0	0	0
"88"	"E313B"	73	63	153	118	173	183	145	83	80
"89"	"P314A"	191	64	301	237	388	26	315	299	362
"90"	"P314R"	799	61	380	244	399	153	345	320	405
"91"	"P314N"	14	51	318	179	311	35	279	270	401
"92"	"P314D"	38	66	367	225	508	30	376	360	485
"93"	"P314C"	0	10	231	181	272	202	243	175	310
"94"	"P314E"	36	9	283	239	287	24	232	213	316
"95"	"P314Q"	62	51	290	230	308	52	254	439	382
"96"	"P314G"	88	90	273	282	413	35	313	421	457
"97"	"P314H"	271	274	702	372	829	447	573	671	693
"98"	"P314I"	44	46	221	117	280	36	203	114	141
"99"	"P314L"	91	50	362	173	480	105	390	242	202
"100"	"P314K"	65	7	350	250	467	92	386	256	329
"101"	"P314M"	31	40	232	136	305	44	260	160	165
"102"	"P314F"	12	27	273	124	390	105	315	161	88
"103"	"P314P"	3725086	2220668	3268835	2434409	3866233	3176173	3174455	3203191	3718903
"104"	"P314S"	190	141	502	270	593	384	462	376	420
"105"	"P314T"	372	407	841	820	983	990	814	678	1155
"106"	"P314W"	24	75	397	209	399	132	350	211	277
"107"	"P314Y"	42	26	214	98	249	48	215	128	136
"108"	"P314V"	168	36	300	192	359	69	264	233	296
"109"	"P314X"	0	0	0	0	0	0	0	0	0
"110"	"P314B"	0	0	1	0	0	0	0	1	0
"111"	"L315A"	42	9	219	83	221	26	202	74	123
"112"	"L315R"	97	21	308	116	342	223	328	92	215
"113"	"L315N"	7	40	302	76	408	176	390	87	111
"114"	"L315D"	1	20	592	134	506	71	520	69	151
"115"	"L315C"	2	19	290	54	348	51	277	132	91
"116"	"L315E"	34	24	345	26	442	94	334	118	79
"117"	"L315Q"	38	20	278	64	375	44	287	76	119
"118"	"L315G"	27	15	395	75	512	128	427	88	172
"119"	"L315H"	202	66	364	124	343	175	301	136	164
"120"	"L315I"	382	256	890	1010	959	609	891	1006	1505
"121"	"L315L"	3725558	2220941	3267712	2435291	3865476	3176427	3173242	3205244	3721008
"122"	"L315K"	263	16	372	83	465	55	346	120	125
"123"	"L315M"	42	115	455	568	498	149	482	266	317
"124"	"L315F"	158	39	440	200	473	163	403	166	308
"125"	"L315P"	584	357	873	427	938	578	921	516	577
"126"	"L315S"	23	82	477	106	541	73	465	164	162
"127"	"L315T"	73	63	294	84	340	1	285	39	113
"128"	"L315W"	40	33	415	94	450	57	342	99	67
"129"	"L315Y"	28	23	346	92	445	29	306	103	278
"130"	"L315V"	23	40	306	280	370	53	295	324	238
"131"	"L315X"	0	0	0	0	1	0	0	0	0
"132"	"L315B"	0	0	0	0	0	0	0	0	0
"133"	"H316A"	0	0	0	0	1	2	0	0	0
"134"	"H316R"	267	238	774	309	977	281	732	474	457
"135"	"H316N"	251	108	739	218	843	198	638	285	390
"136"	"H316D"	39	20	406	78	456	80	367	158	134
"137"	"H316C"	95	63	462	244	594	323	525	354	360
"138"	"H316E"	80	38	482	140	494	44	443	89	204
"139"	"H316Q"	267	169	699	406	819	3731	756	382	558
"140"	"H316G"	93	45	381	111	516	61	413	164	154
"141"	"H316H"	3725699	2220642	3266606	2434662	3864132	3172494	3172235	3203919	3720123
"142"	"H316I"	139	56	490	102	508	440	396	163	194
"143"	"H316L"	25	80	378	50	430	92	369	127	121
"144"	"H316K"	136	173	441	206	463	43	362	182	223
"145"	"H316M"	28	14	426	138	442	63	381	109	225
"146"	"H316F"	36	43	605	215	629	86	500	295	344
"147"	"H316P"	20	9	374	28	367	19	335	78	29
"148"	"H316S"	7	25	199	211	238	16	186	246	257
"149"	"H316T"	32	38	356	155	402	122	332	213	186
"150"	"H316W"	164	248	1027	990	1157	921	1209	732	926
"151"	"H316Y"	200	168	417	607	505	90	448	822	820
"152"	"H316V"	46	22	408	116	473	76	413	127	218
"153"	"H316X"	0	0	3	1	7	0	4	0	0
"154"	"H316B"	0	0	0	0	0	0	0	0	0
"155"	"V317A"	257	200	680	235	808	325	600	315	324
"156"	"V317R"	0	0	0	0	0	0	0	0	0
"157"	"V317N"	2	4	64	22	134	47	104	12	13
"158"	"V317D"	86	38	158	42	179	47	147	44	61
"159"	"V317C"	0	0	0	0	0	0	0	0	0
"160"	"V317E"	50	10	137	47	188	1	181	79	86
"161"	"V317Q"	0	13	150	22	207	8	176	59	36
"162"	"V317G"	25	16	218	34	290	22	166	36	70
"163"	"V317H"	34	34	241	25	228	1	219	34	31
"164"	"V317I"	171	140	293	179	375	144	298	257	281
"165"	"V317L"	44	26	288	149	275	124	310	289	378
"166"	"V317K"	0	15	112	47	173	58	140	34	46
"167"	"V317M"	4604	683	180	331	226	718	178	510	509
"168"	"V317F"	356	236	708	245	911	291	683	299	334
"169"	"V317P"	43	0	147	21	219	39	185	28	45
"170"	"V317S"	31	43	152	14	148	5	98	34	19
"171"	"V317T"	28	12	275	45	314	63	341	65	127
"172"	"V317W"	0	24	226	10	267	17	237	37	19
"173"	"V317Y"	32	50	189	10	258	1	147	18	17
"174"	"V317V"	3721861	2220655	3271455	2437509	3869253	3177271	3176834	3206769	3723527
"175"	"V317X"	0	0	0	0	0	0	0	0	0
"176"	"V317B"	0	0	0	0	0	0	0	0	0
"177"	"A318A"	3725767	2221019	3269868	2436025	3867768	3177355	3175394	3205094	3721266
"178"	"A318R"	0	0	0	0	1	0	0	0	1
"179"	"A318N"	5	36	241	190	264	71	225	234	205
"180"	"A318D"	56	69	287	396	398	62	291	498	700
"181"	"A318C"	22	12	282	71	322	61	244	109	111
"182"	"A318E"	212	142	550	299	708	415	587	262	390
"183"	"A318Q"	7	100	414	103	442	218	459	291	304
"184"	"A318G"	181	40	336	183	312	73	288	350	347
"185"	"A318H"	41	50	327	192	347	66	322	242	303
"186"	"A318I"	0	7	190	14	207	51	178	52	48
"187"	"A318L"	0	13	202	100	194	25	174	96	140
"188"	"A318K"	23	19	228	33	247	0	214	101	100
"189"	"A318M"	25	12	227	76	262	0	239	56	85
"190"	"A318F"	53	36	294	154	334	67	279	231	225
"191"	"A318P"	73	29	328	61	409	74	373	31	74
"192"	"A318S"	196	211	389	281	431	172	294	352	429
"193"	"A318T"	329	182	520	356	650	186	542	375	352
"194"	"A318W"	40	25	265	120	305	31	261	180	263
"195"	"A318Y"	51	3	238	177	246	38	199	136	272
"196"	"A318V"	543	194	487	156	605	217	480	229	307
"197"	"A318X"	0	0	0	0	0	0	0	0	0
"198"	"A318B"	0	0	0	0	1	0	1	0	1
"199"	"Q319A"	0	0	1	0	0	0	0	0	0
"200"	"Q319R"	599	307	1067	663	1347	454	973	927	1007
"201"	"Q319N"	75	35	272	57	288	17	277	98	166
"202"	"Q319D"	34	45	305	65	408	130	313	57	99
"203"	"Q319C"	56	46	287	94	275	48	267	169	110
"204"	"Q319E"	20	39	218	33	295	26	225	63	88
"205"	"Q319Q"	3724863	2220396	3268579	2435642	3866038	3176467	3174064	3204701	3720642
"206"	"Q319G"	34	11	400	35	408	45	368	62	120
"207"	"Q319H"	306	139	556	186	668	101	524	397	394
"208"	"Q319I"	77	192	314	58	370	127	400	134	247
"209"	"Q319L"	192	141	329	233	366	261	320	315	515
"210"	"Q319K"	166	133	374	415	448	320	368	396	522
"211"	"Q319M"	30	30	270	160	357	44	263	227	197
"212"	"Q319F"	64	29	273	141	349	80	305	99	177
"213"	"Q319P"	46	25	318	76	395	97	338	47	62
"214"	"Q319S"	0	0	0	0	0	0	1	0	1
"215"	"Q319T"	24	36	294	173	343	101	295	251	320
"216"	"Q319W"	527	221	612	292	618	323	568	259	315
"217"	"Q319Y"	17	38	256	118	316	0	221	127	163
"218"	"Q319V"	56	116	465	145	528	182	477	248	303
"219"	"Q319X"	0	0	0	0	0	1	0	0	1
"220"	"Q319B"	438	220	483	401	636	358	477	342	474
"221"	"A320A"	3726241	2220924	3268374	2437314	3866334	3177157	3174047	3206906	3723451
"222"	"A320R"	0	0	0	0	0	0	0	0	1
"223"	"A320N"	1	26	363	61	339	44	363	44	74
"224"	"A320D"	16	17	384	23	537	43	386	77	14
"225"	"A320C"	75	60	731	219	649	156	661	261	406
"226"	"A320E"	277	287	522	206	741	487	528	243	247
"227"	"A320Q"	15	42	451	45	474	31	405	52	22
"228"	"A320G"	66	48	406	92	547	42	408	110	149
"229"	"A320H"	12	11	409	15	407	38	418	13	28
"230"	"A320I"	9	32	323	108	332	40	318	133	137
"231"	"A320L"	54	30	217	32	245	34	213	66	104
"232"	"A320K"	8	38	252	11	336	106	301	42	19
"233"	"A320M"	18	41	311	51	337	25	261	58	51
"234"	"A320F"	230	55	539	112	447	55	492	112	184
"235"	"A320P"	9	39	278	11	317	126	274	27	50
"236"	"A320S"	102	79	224	95	297	83	199	120	131
"237"	"A320T"	91	99	502	225	480	85	437	157	243
"238"	"A320W"	35	88	348	37	422	345	333	73	109
"239"	"A320Y"	13	56	328	50	389	49	320	92	87
"240"	"A320V"	352	227	711	280	823	236	680	333	416
"241"	"A320X"	0	0	0	0	0	0	0	0	0
"242"	"A320B"	0	0	0	0	0	0	0	0	0
"243"	"L321A"	162	2	191	41	250	7	219	31	71
"244"	"L321R"	69	29	409	81	303	87	369	70	157
"245"	"L321N"	79	57	450	59	633	206	552	40	110
"246"	"L321D"	39	39	423	86	533	39	464	55	62
"247"	"L321C"	0	0	0	0	0	0	0	0	0
"248"	"L321E"	33	13	367	23	459	59	361	14	52
"249"	"L321Q"	69	41	269	80	364	91	290	73	125
"250"	"L321G"	22	122	467	98	588	295	491	100	62
"251"	"L321H"	65	81	335	79	280	16	269	24	75
"252"	"L321I"	47	77	374	316	447	174	338	392	389
"253"	"L321L"	3725804	2221045	3268895	2436688	3866312	3177154	3174282	3206270	3722871
"254"	"L321K"	28	16	268	74	319	42	272	68	154
"255"	"L321M"	149	152	507	249	636	183	429	352	393
"256"	"L321F"	69	61	279	68	364	10	286	177	125
"257"	"L321P"	545	304	1056	326	1306	566	1076	459	411
"258"	"L321S"	55	30	202	34	271	1	193	42	42
"259"	"L321T"	17	3	151	24	176	14	123	20	22
"260"	"L321W"	40	27	339	81	401	101	355	117	89
"261"	"L321Y"	134	46	356	155	392	66	323	177	193
"262"	"L321V"	198	54	334	425	418	71	352	438	520
"263"	"L321X"	0	0	1	0	1	0	0	0	0
"264"	"L321B"	0	0	0	0	0	0	0	0	0
"265"	"Q322A"	0	0	0	0	0	0	0	0	0
"266"	"Q322R"	407	258	650	266	856	369	627	354	386
"267"	"Q322N"	38	65	402	6	510	85	379	29	63
"268"	"Q322D"	51	24	386	101	490	93	385	105	62
"269"	"Q322C"	69	78	1779	223	1382	279	1699	138	206
"270"	"Q322E"	79	34	413	46	489	58	401	53	95
"271"	"Q322Q"	3725748	2220851	3266065	2437329	3863966	3177068	3171796	3206931	3723647
"272"	"Q322G"	80	60	513	103	552	1	491	67	103
"273"	"Q322H"	282	180	613	168	703	188	596	260	257
"274"	"Q322I"	20	46	420	38	504	122	436	33	28
"275"	"Q322L"	73	77	375	44	488	89	348	73	86
"276"	"Q322K"	136	144	565	160	693	310	528	161	179
"277"	"Q322M"	76	70	1143	62	960	85	1028	120	97
"278"	"Q322F"	92	4	237	7	276	0	255	46	12
"279"	"Q322P"	41	26	358	35	505	23	371	40	63
"280"	"Q322S"	0	0	0	0	1	0	0	0	0
"281"	"Q322T"	98	41	365	78	454	13	401	102	186
"282"	"Q322W"	15	14	292	37	366	136	294	12	12
"283"	"Q322Y"	0	31	276	21	313	3	303	28	34
"284"	"Q322V"	65	41	445	17	465	40	394	38	32
"285"	"Q322X"	0	0	1	0	2	0	0	0	0
"286"	"Q322B"	254	155	375	246	478	220	312	329	375
"287"	"K323A"	0	0	0	0	0	0	0	0	0
"288"	"K323R"	557	329	984	597	1294	673	1094	660	1008
"289"	"K323N"	44	38	56	24	59	46	47	41	48
"290"	"K323D"	0	0	0	0	0	0	0	0	0
"291"	"K323C"	0	0	0	0	0	0	0	0	0
"292"	"K323E"	305	319	942	304	997	188	928	432	523
"293"	"K323Q"	4	2	3	3	3	6	3	3	8
"294"	"K323G"	0	0	0	0	1	0	0	0	0
"295"	"K323H"	0	0	0	0	0	0	0	0	0
"296"	"K323I"	44	25	46	26	45	44	38	29	41
"297"	"K323L"	0	0	0	0	0	0	0	0	0
"298"	"K323K"	3726607	2221428	3273563	2437951	3871982	3178146	3178852	3207647	3724212
"299"	"K323M"	0	0	0	0	0	0	0	0	0
"300"	"K323F"	0	0	0	0	0	0	0	0	0
"301"	"K323P"	0	0	0	0	0	0	0	0	0
"302"	"K323S"	0	0	0	0	0	0	0	0	0
"303"	"K323T"	20	13	30	43	23	32	18	56	19
"304"	"K323W"	0	0	0	0	0	0	0	0	0
"305"	"K323Y"	0	0	0	0	0	0	0	0	0
"306"	"K323V"	0	0	1	0	0	0	0	0	0
"307"	"K323X"	43	45	48	39	49	47	64	51	64
"308"	"K323B"	0	0	0	0	0	0	0	0	0
"309"	"V324A"	535	333	618	285	737	646	630	454	447
"310"	"V324R"	0	0	0	0	0	0	0	0	0
"311"	"V324N"	0	0	0	0	0	0	0	0	0
"312"	"V324D"	0	0	0	0	0	0	0	0	0
"313"	"V324C"	0	0	0	0	0	0	0	0	0
"314"	"V324E"	87	52	53	62	82	83	71	69	74
"315"	"V324Q"	0	0	0	0	0	0	0	0	0
"316"	"V324G"	9	6	13	6	8	9	10	1	12
"317"	"V324H"	0	0	0	0	0	0	0	0	0
"318"	"V324I"	0	0	0	0	0	0	0	0	0
"319"	"V324L"	101	97	259	137	340	135	277	144	185
"320"	"V324K"	0	0	0	0	0	0	0	0	0
"321"	"V324M"	80	43	89	45	94	71	76	76	88
"322"	"V324F"	0	0	0	0	0	0	0	0	0
"323"	"V324P"	0	0	0	0	0	0	0	0	0
"324"	"V324S"	0	0	0	0	1	0	0	0	0
"325"	"V324T"	0	0	0	0	0	0	0	0	0
"326"	"V324W"	0	0	0	0	0	0	0	0	0
"327"	"V324Y"	0	0	0	0	0	0	0	0	0
"328"	"V324V"	3726812	2221668	3274641	2438452	3873191	3178238	3179980	3208175	3725117
"329"	"V324X"	0	0	0	0	0	0	0	0	0
"330"	"V324B"	0	0	0	0	0	0	0	0	0
"331"	"K325A"	41	40	404	114	406	19	411	66	128
"332"	"K325R"	719	488	1037	774	1266	715	1088	907	1230
"333"	"K325N"	254	216	840	300	1130	327	894	252	343
"334"	"K325D"	89	21	552	131	608	111	555	125	116
"335"	"K325C"	0	11	382	30	410	57	292	125	171
"336"	"K325E"	569	463	1534	437	1697	506	1531	553	644
"337"	"K325Q"	44	15	486	184	491	207	449	110	224
"338"	"K325G"	57	7	425	99	485	89	430	61	75
"339"	"K325H"	52	32	346	123	417	239	410	185	288
"340"	"K325I"	51	123	398	145	522	42	383	156	277
"341"	"K325L"	223	113	586	295	673	67	565	229	502
"342"	"K325K"	3724246	2220154	3265197	2435291	3862094	3176181	3170629	3204500	3719887
"343"	"K325M"	162	80	477	171	643	167	517	240	330
"344"	"K325F"	147	75	546	175	681	46	522	253	346
"345"	"K325P"	55	45	669	75	672	38	740	116	114
"346"	"K325S"	9	13	248	7	239	6	212	36	29
"347"	"K325T"	124	61	331	58	404	50	321	121	102
"348"	"K325W"	281	49	284	69	342	108	211	130	120
"349"	"K325Y"	336	100	498	177	708	63	462	298	447
"350"	"K325V"	47	6	328	258	439	28	318	351	439
"351"	"K325X"	0	0	0	0	1	0	0	0	0
"352"	"K325B"	118	87	105	74	125	116	104	105	111
"353"	"I326A"	47	25	260	39	304	36	244	67	91
"354"	"I326R"	29	19	280	20	342	0	309	20	106
"355"	"I326N"	111	45	268	36	363	57	262	62	73
"356"	"I326D"	0	0	0	0	0	0	0	0	0
"357"	"I326C"	0	22	339	66	427	71	395	116	89
"358"	"I326E"	52	15	398	55	587	109	454	36	28
"359"	"I326Q"	61	57	761	106	833	175	820	164	88
"360"	"I326G"	88	64	487	69	606	49	469	44	83
"361"	"I326H"	0	0	0	0	0	0	0	0	0
"362"	"I326I"	3724338	2220906	3267658	2436727	3865068	3177129	3173165	3205745	3721879
"363"	"I326L"	277	106	480	257	575	115	474	373	434
"364"	"I326K"	191	82	1675	71	1615	131	1415	92	85
"365"	"I326M"	1315	91	457	341	541	242	436	600	444
"366"	"I326F"	89	166	281	240	382	68	313	359	582
"367"	"I326P"	26	21	199	12	249	48	201	14	21
"368"	"I326S"	36	24	480	36	488	111	462	45	83
"369"	"I326T"	365	135	562	193	689	268	520	224	277
"370"	"I326W"	48	36	383	85	489	221	408	41	68
"371"	"I326Y"	0	0	0	0	0	0	0	0	0
"372"	"I326V"	551	385	704	634	895	352	697	917	1492
"373"	"I326X"	0	0	1	0	0	0	0	0	0
"374"	"I326B"	0	0	0	0	0	0	0	0	0
"375"	"E327A"	65	66	369	159	428	43	373	288	331
"376"	"E327R"	77	57	405	89	553	24	428	155	213
"377"	"E327N"	47	66	469	129	563	191	485	208	242
"378"	"E327D"	280	224	853	578	951	479	825	812	839
"379"	"E327C"	244	121	571	250	555	191	532	321	438
"380"	"E327E"	3724055	2219559	3265190	2434422	3862305	3174979	3170576	3202337	3718248
"381"	"E327Q"	44	46	510	286	592	201	495	312	324
"382"	"E327G"	687	312	1220	375	1373	480	1166	611	795
"383"	"E327H"	22	52	485	187	561	149	506	203	236
"384"	"E327I"	374	244	364	316	476	252	347	611	568
"385"	"E327L"	169	83	557	274	579	60	593	290	422
"386"	"E327K"	517	202	855	465	852	428	961	627	831
"387"	"E327M"	14	11	304	161	392	174	315	320	209
"388"	"E327F"	37	56	508	204	658	66	484	260	272
"389"	"E327P"	92	126	528	49	607	126	516	46	66
"390"	"E327S"	1	0	0	0	1	1	1	2	0
"391"	"E327T"	63	106	350	181	455	149	417	368	293
"392"	"E327W"	61	14	553	121	677	66	563	77	268
"393"	"E327Y"	103	25	464	106	554	111	438	130	186
"394"	"E327V"	463	639	618	449	791	758	608	719	886
"395"	"E327X"	0	0	0	0	0	0	0	0	0
"396"	"E327B"	209	190	500	186	530	254	415	222	256
"397"	"V328A"	469	269	733	255	781	358	684	404	577
"398"	"V328R"	0	0	0	0	0	0	1	0	0
"399"	"V328N"	62	86	326	133	407	91	368	124	107
"400"	"V328D"	413	352	531	64	564	560	554	84	135
"401"	"V328C"	0	0	0	0	0	0	0	0	0
"402"	"V328E"	340	305	354	41	380	364	288	63	99
"403"	"V328Q"	262	216	506	137	649	196	539	177	223
"404"	"V328G"	236	207	390	65	532	506	423	88	187
"405"	"V328H"	761	338	590	290	684	899	614	205	379
"406"	"V328I"	29	17	306	149	420	32	305	259	237
"407"	"V328L"	133	139	629	221	680	210	657	314	437
"408"	"V328K"	54	137	322	26	471	193	306	58	78
"409"	"V328M"	183	81	507	238	602	101	489	269	493
"410"	"V328F"	33	39	397	101	499	69	413	155	183
"411"	"V328P"	159	265	418	87	535	291	468	66	96
"412"	"V328S"	32	44	305	39	420	147	293	116	139
"413"	"V328T"	46	64	451	93	463	43	384	96	174
"414"	"V328W"	86	76	445	114	514	46	403	328	329
"415"	"V328Y"	47	127	402	83	475	93	367	103	89
"416"	"V328V"	3724279	2219437	3268061	2436850	3865377	3174983	3173488	3206010	3721961
"417"	"V328X"	0	0	0	0	0	0	0	0	0
"418"	"V328B"	0	0	0	1	0	0	0	0	0
"419"	"N329A"	388	225	407	286	514	668	424	555	548
"420"	"N329R"	372	198	698	254	734	358	631	311	415
"421"	"N329N"	3720850	2217656	3266096	2434120	3863221	3171985	3171727	3201275	3717957
"422"	"N329D"	342	458	1083	585	1373	556	1069	861	787
"423"	"N329C"	441	134	373	208	505	173	416	375	233
"424"	"N329E"	1150	508	608	221	633	785	591	370	306
"425"	"N329Q"	307	228	446	174	447	530	450	323	292
"426"	"N329G"	354	388	342	234	459	195	318	498	656
"427"	"N329H"	191	163	260	202	315	56	299	210	281
"428"	"N329I"	81	87	395	119	440	81	375	104	128
"429"	"N329L"	163	99	417	113	475	256	371	264	241
"430"	"N329K"	526	493	716	445	910	811	731	570	689
"431"	"N329M"	328	187	432	338	501	576	419	760	737
"432"	"N329F"	16	73	449	186	531	224	438	225	314
"433"	"N329P"	432	303	399	73	457	372	357	68	97
"434"	"N329S"	635	501	841	570	1073	622	883	1020	945
"435"	"N329T"	118	95	479	302	578	126	498	418	646
"436"	"N329W"	570	135	428	188	402	251	372	176	236
"437"	"N329Y"	110	135	377	124	417	221	320	242	162
"438"	"N329V"	250	133	427	245	468	336	355	294	252
"439"	"N329X"	0	0	0	0	0	0	0	0	1
"440"	"N329B"	0	0	0	0	0	0	0	0	0
"441"	"E330A"	351	122	319	87	413	142	321	277	198
"442"	"E330R"	30	84	397	84	483	340	461	174	175
"443"	"E330N"	268	87	1001	196	792	215	916	363	375
"444"	"E330D"	2172	964	831	376	949	1077	758	693	700
"445"	"E330C"	320	137	470	151	544	186	448	285	272
"446"	"E330E"	3719606	2217291	3266148	2435371	3863671	3172762	3171552	3203387	3720045
"447"	"E330Q"	8	66	380	164	478	80	424	157	182
"448"	"E330G"	625	783	934	409	1085	508	893	658	794
"449"	"E330H"	152	37	314	177	458	214	355	378	390
"450"	"E330I"	192	146	459	131	487	117	480	167	254
"451"	"E330L"	81	137	390	81	437	154	343	124	160
"452"	"E330K"	293	280	708	231	726	426	884	327	436
"453"	"E330M"	967	590	320	155	439	450	345	282	332
"454"	"E330F"	341	140	466	126	495	242	406	107	152
"455"	"E330P"	129	84	385	164	421	147	402	140	226
"456"	"E330S"	0	0	1	0	1	0	1	1	0
"457"	"E330T"	690	533	265	266	354	605	250	629	265
"458"	"E330W"	789	323	385	162	458	761	326	212	219
"459"	"E330Y"	24	57	426	154	512	113	387	135	176
"460"	"E330V"	367	198	691	350	799	443	743	238	300
"461"	"E330X"	0	0	2	0	2	0	0	0	1
"462"	"E330B"	219	140	381	152	449	200	349	185	271
"463"	"S331A"	125	39	253	108	299	18	237	242	206
"464"	"S331R"	136	132	711	545	672	185	702	447	635
"465"	"S331N"	131	42	371	189	370	49	358	278	381
"466"	"S331D"	170	41	253	41	317	30	300	154	163
"467"	"S331C"	166	79	452	176	568	106	470	264	269
"468"	"S331E"	60	7	221	83	280	86	184	134	96
"469"	"S331Q"	0	0	0	0	0	0	0	0	0
"470"	"S331G"	1953	1356	753	817	946	2225	818	883	1175
"471"	"S331H"	37	26	301	101	371	148	288	299	387
"472"	"S331I"	106	110	623	167	645	115	636	266	249
"473"	"S331L"	44	23	272	104	336	12	287	69	163
"474"	"S331K"	20	26	290	201	356	41	294	239	337
"475"	"S331M"	62	99	353	105	404	128	399	132	164
"476"	"S331F"	22	69	357	150	435	174	388	197	379
"477"	"S331P"	815	275	375	70	355	583	316	159	184
"478"	"S331S"	3723421	2219595	3268005	2435480	3865764	3174779	3173194	3204341	3719791
"479"	"S331T"	131	54	461	163	532	295	465	270	454
"480"	"S331W"	66	39	383	126	454	81	452	151	227
"481"	"S331Y"	127	174	769	168	765	56	828	203	433
"482"	"S331V"	32	13	470	193	584	71	428	191	230
"483"	"S331X"	0	0	0	0	0	0	0	0	0
"484"	"S331B"	0	0	0	0	0	0	0	0	0
"485"	"G332A"	863	676	359	156	367	1058	397	281	251
"486"	"G332R"	2314	733	171	92	175	515	147	114	152
"487"	"G332N"	563	555	196	81	209	646	263	229	144
"488"	"G332D"	1835	1516	498	435	653	1022	529	541	572
"489"	"G332C"	1462	871	692	246	695	1163	633	343	420
"490"	"G332E"	2070	501	231	194	270	983	216	193	208
"491"	"G332Q"	1332	678	238	99	276	750	237	261	255
"492"	"G332G"	3701049	2206400	3269743	2435132	3867420	3160761	3175119	3204047	3719725
"493"	"G332H"	828	623	163	155	163	788	172	263	393
"494"	"G332I"	344	293	152	53	241	273	174	62	76
"495"	"G332L"	1873	1044	218	173	310	1092	217	253	266
"496"	"G332K"	2782	2591	277	468	375	2383	245	313	697
"497"	"G332M"	905	451	300	220	378	722	290	173	215
"498"	"G332F"	589	444	210	58	293	424	223	119	232
"499"	"G332P"	141	47	181	8	213	48	158	20	30
"500"	"G332S"	3342	2098	661	712	790	2760	655	793	1217
"501"	"G332T"	1461	776	206	215	214	667	204	244	195
"502"	"G332W"	815	500	371	98	429	968	401	148	217
"503"	"G332Y"	931	552	261	94	288	885	249	188	223
"504"	"G332V"	2125	847	545	298	694	1273	514	334	435
"505"	"G332X"	0	2	0	0	0	1	1	0	0
"506"	"G332B"	0	1	0	0	0	0	0	0	0
"507"	"T333A"	3664	1243	777	511	887	1773	640	968	1024
"508"	"T333R"	17	11	15	12	20	14	12	16	8
"509"	"T333N"	467	538	250	168	285	773	225	120	248
"510"	"T333D"	23	2	380	36	401	39	347	32	43
"511"	"T333C"	19	42	289	30	313	44	271	101	24
"512"	"T333E"	49	13	382	11	411	32	324	19	24
"513"	"T333Q"	186	149	180	12	247	155	182	60	21
"514"	"T333G"	1859	799	314	146	364	1280	316	195	348
"515"	"T333H"	68	20	129	21	161	44	144	31	21
"516"	"T333I"	290	305	208	50	190	158	168	53	105
"517"	"T333L"	1090	427	240	122	225	1084	183	285	217
"518"	"T333K"	205	109	424	142	551	201	433	156	134
"519"	"T333M"	942	658	613	287	648	602	557	403	451
"520"	"T333F"	526	284	290	46	324	403	352	167	156
"521"	"T333P"	23	35	208	37	242	9	166	75	29
"522"	"T333S"	856	475	204	227	290	764	257	322	294
"523"	"T333T"	3716630	2216458	3270003	2436947	3868021	3171245	3175808	3205688	3722461
"524"	"T333W"	54	47	206	7	279	91	190	33	25
"525"	"T333Y"	245	240	277	45	334	180	220	34	92
"526"	"T333V"	411	344	284	130	260	291	249	161	198
"527"	"T333X"	0	0	0	0	0	0	0	0	0
"528"	"T333B"	0	0	0	0	0	0	0	0	0
"529"	"V334A"	2272	904	938	664	1187	1201	941	1243	1285
"530"	"V334R"	0	0	1	0	0	0	1	1	1
"531"	"V334N"	993	329	249	31	294	257	278	32	54
"532"	"V334D"	1934	980	412	245	427	1682	377	401	534
"533"	"V334C"	0	0	0	0	0	0	0	0	0
"534"	"V334E"	398	239	293	199	289	592	256	318	394
"535"	"V334Q"	174	220	224	156	246	130	184	323	401
"536"	"V334G"	1017	593	282	198	334	1059	233	225	206
"537"	"V334H"	37	122	264	204	347	100	280	198	247
"538"	"V334I"	65	36	250	79	300	72	218	216	167
"539"	"V334L"	492	308	652	364	818	430	680	659	601
"540"	"V334K"	96	338	255	354	332	138	273	576	697
"541"	"V334M"	315	224	451	225	525	199	393	392	414
"542"	"V334F"	55	51	394	98	468	114	403	170	286
"543"	"V334P"	596	284	184	50	289	411	160	74	84
"544"	"V334S"	123	119	231	104	295	146	212	232	318
"545"	"V334T"	39	32	296	173	329	32	286	254	476
"546"	"V334W"	105	12	305	87	317	60	322	58	92
"547"	"V334Y"	14	53	312	134	340	24	310	161	351
"548"	"V334V"	3718899	2217355	3269680	2435622	3867316	3172534	3175237	3203386	3719315
"549"	"V334X"	0	0	0	0	0	1	0	0	0
"550"	"V334B"	0	0	0	0	0	0	0	0	0
"551"	"A335A"	3716816	2214944	3267090	2435445	3864332	3170163	3172224	3203808	3720543
"552"	"A335R"	322	86	523	255	688	103	745	146	182
"553"	"A335N"	683	466	312	101	390	985	303	107	108
"554"	"A335D"	157	91	637	150	726	195	620	164	152
"555"	"A335C"	60	34	267	18	367	63	352	44	18
"556"	"A335E"	841	365	544	101	704	784	534	116	193
"557"	"A335Q"	2937	2142	564	354	644	2390	455	431	614
"558"	"A335G"	536	629	485	568	600	876	452	911	908
"559"	"A335H"	1191	804	304	143	381	821	333	156	332
"560"	"A335I"	0	6	336	45	365	3	305	99	57
"561"	"A335L"	134	319	317	193	368	166	345	303	260
"562"	"A335K"	173	59	385	19	435	173	363	51	32
"563"	"A335M"	66	35	347	168	381	57	348	276	224
"564"	"A335F"	105	80	324	116	395	131	367	114	108
"565"	"A335P"	54	30	358	29	416	103	313	60	42
"566"	"A335S"	954	528	662	447	780	499	672	637	817
"567"	"A335T"	1212	498	770	375	897	634	829	654	654
"568"	"A335W"	303	153	387	64	424	365	422	82	90
"569"	"A335Y"	767	542	265	75	332	244	295	170	125
"570"	"A335V"	312	388	795	321	827	427	766	590	464
"571"	"A335X"	1	0	0	0	1	0	0	0	0
"572"	"A335B"	0	0	1	0	0	0	1	0	0
"573"	"S336A"	129	54	541	426	575	161	504	572	703
"574"	"S336R"	1472	800	335	213	379	1319	392	311	345
"575"	"S336N"	2348	1354	417	348	482	2046	375	571	595
"576"	"S336D"	5448	2923	615	713	781	4505	767	981	1090
"577"	"S336C"	1543	1108	651	395	682	916	552	443	576
"578"	"S336E"	4829	1781	594	558	697	3267	577	873	864
"579"	"S336Q"	2007	873	353	343	453	857	423	366	408
"580"	"S336G"	101	58	402	374	456	78	333	530	509
"581"	"S336H"	1810	760	444	211	534	496	364	412	459
"582"	"S336I"	112	47	295	78	391	132	324	239	176
"583"	"S336L"	430	198	815	195	943	181	723	268	377
"584"	"S336K"	2775	1530	521	569	545	2267	490	646	646
"585"	"S336M"	206	115	305	125	323	80	239	198	196
"586"	"S336F"	360	114	616	146	693	194	568	203	251
"587"	"S336P"	665	342	777	284	967	463	729	398	443
"588"	"S336S"	3702903	2209673	3266085	2432859	3863456	3161582	3171899	3200404	3717082
"589"	"S336T"	140	120	313	148	376	205	280	454	338
"590"	"S336W"	77	148	564	234	621	39	564	496	278
"591"	"S336Y"	141	123	476	480	523	348	469	252	329
"592"	"S336V"	126	77	554	286	574	45	472	301	257
"593"	"S336X"	2	1	0	2	1	1	0	1	0
"594"	"S336B"	0	0	0	0	1	0	0	0	1
"595"	"S337A"	118	61	447	223	517	78	438	399	536
"596"	"S337R"	18	36	259	28	306	38	248	18	26
"597"	"S337N"	1846	868	494	166	583	773	451	181	204
"598"	"S337D"	1711	839	509	70	690	1042	518	156	138
"599"	"S337C"	37	35	246	17	338	81	286	16	21
"600"	"S337E"	1617	1027	794	549	782	1298	795	678	700
"601"	"S337Q"	0	0	0	0	0	0	0	0	0
"602"	"S337G"	110	99	419	341	482	75	340	526	408
"603"	"S337H"	0	0	0	0	0	0	0	0	0
"604"	"S337I"	53	46	338	51	423	37	371	117	225
"605"	"S337L"	191	222	731	213	821	269	709	229	212
"606"	"S337K"	310	180	639	129	692	327	642	61	140
"607"	"S337M"	197	19	366	48	307	61	308	66	141
"608"	"S337F"	130	38	374	118	435	778	346	181	269
"609"	"S337P"	626	295	1097	294	1332	476	1067	454	448
"610"	"S337S"	3719963	2217952	3267004	2436089	3864428	3173101	3172610	3205028	3721524
"611"	"S337T"	412	206	440	281	540	142	391	392	442
"612"	"S337W"	22	17	347	17	408	58	331	41	9
"613"	"S337Y"	61	97	442	85	563	187	551	119	175
"614"	"S337V"	20	66	380	122	434	194	389	109	139
"615"	"S337X"	182	96	347	146	370	167	252	148	166
"616"	"S337B"	0	0	0	0	2	0	1	0	0
"617"	"S338A"	15	8	7	12	6	11	8	6	16
"618"	"S338R"	2814	1131	572	429	648	1851	645	431	520
"619"	"S338N"	2064	1052	464	338	543	968	402	442	570
"620"	"S338D"	3738	1934	437	347	517	4006	396	377	821
"621"	"S338C"	876	579	495	215	623	933	469	448	590
"622"	"S338E"	2832	1275	584	408	684	2008	553	430	591
"623"	"S338Q"	1464	587	386	157	401	547	329	264	340
"624"	"S338G"	70	71	314	437	468	13	352	653	884
"625"	"S338H"	1439	461	438	198	537	760	466	230	358
"626"	"S338I"	18	40	445	40	486	130	407	123	98
"627"	"S338L"	317	446	2260	2087	1805	622	2028	1085	3455
"628"	"S338K"	4078	1716	401	348	495	1822	393	488	624
"629"	"S338M"	75	7	311	102	355	97	277	159	124
"630"	"S338F"	193	174	524	200	648	102	512	218	226
"631"	"S338P"	776	449	698	280	764	617	659	347	454
"632"	"S338S"	3706100	2211817	3265099	2432412	3862773	3164105	3170985	3202038	3714578
"633"	"S338T"	234	62	387	269	590	127	383	405	667
"634"	"S338W"	43	37	459	84	441	46	372	173	168
"635"	"S338Y"	277	219	637	390	825	248	681	317	520
"636"	"S338V"	201	133	753	231	839	169	721	285	317
"637"	"S338X"	0	1	1	3	5	0	6	0	1
"638"	"S338B"	0	0	1	0	0	0	0	0	1
"639"	"T339A"	2216	999	973	399	1071	1371	839	500	569
"640"	"T339R"	63	33	240	35	316	38	245	48	47
"641"	"T339N"	1476	839	320	135	383	1383	350	168	172
"642"	"T339D"	945	570	406	64	527	601	287	65	105
"643"	"T339C"	43	37	271	15	349	76	311	47	23
"644"	"T339E"	302	336	356	77	451	168	298	63	64
"645"	"T339Q"	0	0	0	0	0	0	0	0	0
"646"	"T339G"	910	601	182	87	295	748	169	70	102
"647"	"T339H"	0	0	0	0	0	0	0	0	0
"648"	"T339I"	198	127	450	186	560	252	406	154	219
"649"	"T339L"	42	70	198	11	285	40	207	49	12
"650"	"T339K"	276	185	529	208	760	680	509	340	318
"651"	"T339M"	123	110	217	11	180	37	181	25	46
"652"	"T339F"	84	41	408	44	473	79	423	123	89
"653"	"T339P"	61	48	282	3	295	50	197	67	29
"654"	"T339S"	228	141	422	199	343	162	298	241	235
"655"	"T339T"	3720218	2217774	3269559	2437449	3867109	3172923	3175510	3206824	3723637
"656"	"T339W"	5	5	121	13	157	40	116	5	15
"657"	"T339Y"	387	167	380	19	480	133	382	41	85
"658"	"T339V"	47	113	359	32	419	401	315	89	156
"659"	"T339X"	0	3	0	0	0	0	1	0	0
"660"	"T339B"	0	0	0	0	0	0	0	0	0
"661"	"A340A"	3708938	2213771	3267928	2435089	3865459	3169798	3173649	3203679	3720142
"662"	"A340R"	1093	700	381	164	408	854	326	282	320
"663"	"A340N"	1416	432	231	99	258	774	182	168	173
"664"	"A340D"	2319	847	760	319	915	1373	678	411	458
"665"	"A340C"	711	158	242	94	287	372	230	89	163
"666"	"A340E"	3817	2377	442	466	471	2164	383	594	770
"667"	"A340Q"	695	489	439	237	502	601	375	334	324
"668"	"A340G"	306	117	512	316	604	70	483	374	414
"669"	"A340H"	88	28	278	202	319	64	274	328	279
"670"	"A340I"	39	10	366	171	405	11	404	104	92
"671"	"A340L"	0	1	1	0	0	0	1	1	1
"672"	"A340K"	3538	2245	564	241	696	1307	579	435	414
"673"	"A340M"	94	81	259	63	291	15	202	219	214
"674"	"A340F"	442	66	663	386	741	502	636	347	325
"675"	"A340P"	3108	130	581	263	691	150	633	198	110
"676"	"A340S"	419	237	367	180	426	338	335	318	322
"677"	"A340T"	258	185	447	286	581	464	446	377	521
"678"	"A340W"	67	60	348	60	391	51	322	144	155
"679"	"A340Y"	5	47	387	107	431	74	416	147	217
"680"	"A340V"	250	216	477	244	577	200	490	369	509
"681"	"A340X"	21	1	0	0	0	0	0	1	0
"682"	"A340B"	0	1	0	0	0	0	0	0	0
"683"	"V341A"	1013	952	1136	1428	1263	696	1152	1527	2449
"684"	"V341R"	0	0	0	0	0	0	1	0	1
"685"	"V341N"	13	24	233	50	292	29	215	75	187
"686"	"V341D"	270	211	2584	197	1713	319	2206	262	370
"687"	"V341C"	0	0	0	0	0	0	0	0	0
"688"	"V341E"	600	415	233	144	303	557	259	43	90
"689"	"V341Q"	432	257	356	64	451	253	336	90	185
"690"	"V341G"	255	100	407	183	499	186	415	153	295
"691"	"V341H"	285	127	422	58	492	310	389	108	84
"692"	"V341I"	277	248	468	321	598	216	483	513	426
"693"	"V341L"	98	99	342	111	394	214	390	352	409
"694"	"V341K"	187	183	288	20	303	131	247	36	40
"695"	"V341M"	15	63	282	276	300	37	242	334	279
"696"	"V341F"	322	313	864	573	976	434	853	730	702
"697"	"V341P"	44	16	409	9	475	63	369	53	43
"698"	"V341S"	41	74	308	174	453	40	313	170	301
"699"	"V341T"	56	25	295	269	348	34	278	521	542
"700"	"V341W"	111	45	385	62	426	160	335	103	144
"701"	"V341Y"	107	33	470	59	552	24	442	59	26
"702"	"V341V"	3723498	2219014	3266191	2434989	3864615	3175479	3172119	3203790	3719350
"703"	"V341X"	0	0	0	0	0	0	0	0	0
"704"	"V341B"	0	0	0	0	0	0	0	0	0
"705"	"I342A"	17	85	328	272	346	184	329	329	376
"706"	"I342R"	85	84	494	277	563	89	536	120	265
"707"	"I342N"	63	59	555	423	665	72	509	322	574
"708"	"I342D"	0	0	0	0	0	0	1	0	0
"709"	"I342C"	822	271	635	172	808	167	628	269	306
"710"	"I342E"	47	59	346	124	430	117	331	149	207
"711"	"I342Q"	86	50	584	303	579	89	461	173	510
"712"	"I342G"	61	51	450	255	589	151	399	128	377
"713"	"I342H"	0	0	0	0	0	0	0	0	0
"714"	"I342I"	3723763	2219597	3266585	2432219	3863277	3175198	3172293	3201332	3715090
"715"	"I342L"	128	167	496	423	711	195	466	754	907
"716"	"I342K"	404	171	313	315	432	144	331	313	541
"717"	"I342M"	734	368	1053	787	1279	531	1094	996	1250
"718"	"I342F"	393	233	461	414	651	171	435	729	1240
"719"	"I342P"	31	26	404	26	568	70	425	31	65
"720"	"I342S"	30	40	391	309	466	128	403	444	456
"721"	"I342T"	351	279	800	820	1023	482	810	971	1440
"722"	"I342W"	167	311	942	1182	944	562	760	917	1411
"723"	"I342Y"	0	0	0	0	0	0	0	0	0
"724"	"I342V"	442	348	835	666	1121	832	833	942	908
"725"	"I342X"	0	0	1	0	1	0	0	0	0
"726"	"I342B"	0	0	0	0	0	0	0	0	0
"727"	"V343A"	759	523	1470	1358	1963	620	1579	2030	2598
"728"	"V343R"	0	0	0	0	1	0	0	2	0
"729"	"V343N"	44	109	238	469	323	35	233	532	735
"730"	"V343D"	231	93	536	285	572	183	465	462	460
"731"	"V343C"	0	0	0	0	0	0	0	0	0
"732"	"V343E"	1018	162	445	483	545	101	510	1017	1106
"733"	"V343Q"	56	28	448	272	480	502	356	837	1201
"734"	"V343G"	18	66	493	460	614	40	502	600	1086
"735"	"V343H"	53	206	302	485	341	52	338	512	627
"736"	"V343I"	189	104	466	182	595	282	536	347	376
"737"	"V343L"	112	302	451	321	518	89	415	300	432
"738"	"V343K"	18	16	398	84	402	131	390	100	265
"739"	"V343M"	41	78	522	190	531	97	419	310	698
"740"	"V343F"	363	284	671	611	932	265	710	896	847
"741"	"V343P"	136	38	410	283	453	13	423	350	449
"742"	"V343S"	241	97	422	548	489	40	410	732	1151
"743"	"V343T"	46	72	503	520	589	0	518	971	1270
"744"	"V343W"	156	244	512	322	671	116	599	418	469
"745"	"V343Y"	108	41	351	242	420	108	305	197	354
"746"	"V343V"	3724035	2219736	3267035	2431872	3864011	3176508	3172335	3198306	3711799
"747"	"V343X"	0	0	0	0	3	0	1	0	0
"748"	"V343B"	0	0	0	0	0	0	0	0	0
