	"Variants"	"4640-LH-1_ACAGTG"	"4640-LH-1_ACTTGA"	"4640-LH-1_ATCACG"	"4640-LH-1_CAGATC"	"4640-LH-1_CGATGT"	"4640-LH-1_CTTGTA"	"4640-LH-1_GCCAAT"	"4640-LH-1_TGACCA"	"4640-LH-1_TTAGGC"
"1"	"S344A"	123	307	658	880	599	475	709	624	1162
"2"	"S344R"	44	52	573	265	596	147	585	227	267
"3"	"S344N"	205	157	658	804	609	285	564	702	811
"4"	"S344D"	865	113	846	419	807	356	795	717	455
"5"	"S344C"	48	71	440	121	466	35	352	238	141
"6"	"S344E"	932	416	2782	852	1599	527	2204	779	737
"7"	"S344Q"	0	0	1	1	0	0	0	0	0
"8"	"S344G"	104	29	379	417	358	64	344	299	292
"9"	"S344H"	0	0	0	0	0	0	0	0	0
"10"	"S344I"	96	46	536	373	574	15	583	195	389
"11"	"S344L"	189	152	915	678	847	225	830	332	639
"12"	"S344K"	32	27	877	306	609	62	701	288	147
"13"	"S344M"	44	21	485	394	477	52	456	150	292
"14"	"S344F"	32	27	255	110	319	42	238	66	145
"15"	"S344P"	509	300	1077	791	974	373	903	663	724
"16"	"S344S"	4328992	2338298	4563889	4480812	4371853	3145788	4088797	3073638	4540924
"17"	"S344T"	164	100	451	532	455	153	487	263	399
"18"	"S344W"	167	33	297	128	281	57	262	107	83
"19"	"S344Y"	520	215	3376	430	2307	339	3005	422	446
"20"	"S344V"	24	29	429	184	496	133	404	226	278
"21"	"S344X"	205	144	432	260	528	182	352	178	293
"22"	"S344B"	1	0	0	0	2	0	0	1	0
"23"	"A345A"	4329890	2338740	4570892	4481619	4375929	3147044	4095053	3074060	4541215
"24"	"A345R"	108	50	321	460	300	43	304	156	131
"25"	"A345N"	197	20	286	378	369	9	321	468	457
"26"	"A345D"	332	215	728	884	806	281	617	703	661
"27"	"A345C"	49	77	287	148	314	71	230	93	240
"28"	"A345E"	293	127	651	819	653	136	563	534	816
"29"	"A345Q"	176	29	386	371	344	80	327	376	431
"30"	"A345G"	197	80	444	553	463	73	358	394	525
"31"	"A345H"	7	34	463	238	446	127	487	273	392
"32"	"A345I"	45	25	239	39	229	33	240	94	70
"33"	"A345L"	99	92	408	166	391	232	352	211	182
"34"	"A345K"	226	65	496	310	500	28	428	189	438
"35"	"A345M"	161	40	330	142	332	17	277	135	187
"36"	"A345F"	30	62	210	29	229	15	201	97	101
"37"	"A345P"	183	69	414	272	374	69	400	335	339
"38"	"A345S"	343	208	707	673	859	267	610	572	781
"39"	"A345T"	149	162	517	513	519	238	381	369	477
"40"	"A345W"	144	137	318	233	292	97	296	248	269
"41"	"A345Y"	57	39	293	115	341	100	248	238	105
"42"	"A345V"	610	266	966	794	1066	350	877	570	807
"43"	"A345X"	0	0	0	1	0	0	0	0	0
"44"	"A345B"	0	0	0	0	0	0	1	0	0
"45"	"R346A"	0	0	0	0	0	0	0	0	0
"46"	"R346R"	4321413	2335241	4558377	4479919	4362207	3141781	4082732	3071765	4538794
"47"	"R346N"	38	27	345	36	406	48	400	15	27
"48"	"R346D"	41	9	343	12	430	13	379	26	14
"49"	"R346C"	233	162	769	263	887	135	767	192	275
"50"	"R346E"	52	31	341	33	404	4	392	21	29
"51"	"R346Q"	141	0	354	8	391	38	357	12	16
"52"	"R346G"	38	21	423	38	488	86	505	76	62
"53"	"R346H"	9918	4269	11983	6892	13047	6144	11373	6731	7697
"54"	"R346I"	25	16	352	13	373	59	346	16	23
"55"	"R346L"	611	251	1265	245	1170	276	1027	319	459
"56"	"R346K"	51	58	383	666	419	137	388	365	555
"57"	"R346M"	10	53	380	81	428	82	426	71	42
"58"	"R346F"	51	13	330	27	422	35	388	33	11
"59"	"R346P"	135	121	533	77	529	69	553	72	97
"60"	"R346S"	275	195	1683	329	1595	285	1206	305	462
"61"	"R346T"	170	23	546	38	572	40	499	31	21
"62"	"R346W"	33	15	223	8	316	22	202	13	5
"63"	"R346Y"	52	23	377	9	308	21	337	32	24
"64"	"R346V"	9	9	349	63	363	35	290	20	11
"65"	"R346X"	0	0	0	0	0	0	2	0	0
"66"	"R346B"	0	0	0	0	1	0	2	0	0
"67"	"M347A"	142	52	371	576	398	304	359	290	581
"68"	"M347R"	37	33	524	960	496	38	433	548	761
"69"	"M347N"	97	117	500	725	583	123	502	662	984
"70"	"M347D"	0	0	0	0	0	0	0	0	0
"71"	"M347C"	0	0	0	0	0	0	0	0	0
"72"	"M347E"	317	44	573	334	461	47	508	442	324
"73"	"M347Q"	385	158	611	886	613	168	597	683	995
"74"	"M347G"	691	42	503	432	437	126	481	389	605
"75"	"M347H"	0	0	0	0	0	0	0	0	0
"76"	"M347I"	767	403	2100	1637	2007	534	1744	1154	1652
"77"	"M347L"	71	84	617	771	569	211	627	408	701
"78"	"M347K"	71	56	445	411	385	96	369	399	538
"79"	"M347M"	4329357	2338726	4569418	4478721	4375116	3146653	4093334	3072817	4538289
"80"	"M347F"	192	43	524	356	571	93	483	255	393
"81"	"M347P"	15	27	382	18	417	40	383	29	78
"82"	"M347S"	28	88	356	510	343	53	399	293	494
"83"	"M347T"	567	371	1204	1330	1118	401	1134	915	1248
"84"	"M347W"	58	37	269	302	268	81	233	204	177
"85"	"M347Y"	0	0	0	0	0	0	0	0	0
"86"	"M347V"	501	256	959	787	973	342	984	627	804
"87"	"M347X"	0	0	0	0	0	0	0	0	0
"88"	"M347B"	0	0	0	1	1	0	1	0	0
"89"	"A348A"	4325382	2336470	4561240	4474946	4367637	3144472	4085866	3069917	4535480
"90"	"A348R"	129	75	619	534	559	50	565	293	459
"91"	"A348N"	73	32	463	361	482	62	472	267	439
"92"	"A348D"	746	312	1417	1069	1490	517	1171	1016	1210
"93"	"A348C"	230	143	947	308	874	330	878	387	376
"94"	"A348E"	276	210	755	444	837	71	747	639	280
"95"	"A348Q"	154	118	783	815	650	28	704	352	706
"96"	"A348G"	93	108	615	796	652	106	548	384	658
"97"	"A348H"	948	146	2676	884	1522	296	2296	483	661
"98"	"A348I"	82	101	597	285	530	33	530	344	410
"99"	"A348L"	84	81	438	505	456	46	488	217	377
"100"	"A348K"	61	104	571	660	594	176	523	422	624
"101"	"A348M"	487	111	1108	1092	930	500	1167	441	738
"102"	"A348F"	197	39	698	417	657	15	650	302	296
"103"	"A348P"	333	185	837	769	772	398	692	597	804
"104"	"A348S"	338	250	1027	1055	1105	240	999	750	1097
"105"	"A348T"	1548	924	1425	1458	1462	963	1340	936	1391
"106"	"A348W"	46	73	540	316	506	10	445	302	541
"107"	"A348Y"	60	100	541	350	558	76	555	336	394
"108"	"A348V"	2029	955	2058	1693	2482	921	1935	1730	1683
"109"	"A348X"	0	0	1	0	0	0	0	0	0
"110"	"A348B"	0	0	0	0	1	0	0	0	0
"111"	"P349A"	235	224	468	457	490	172	430	470	683
"112"	"P349R"	88	25	478	347	425	109	467	272	207
"113"	"P349N"	93	172	1581	3096	1644	127	1032	3124	4478
"114"	"P349D"	28	9	409	419	430	57	359	290	349
"115"	"P349C"	56	25	353	126	361	106	288	153	293
"116"	"P349E"	194	100	411	407	427	99	372	477	305
"117"	"P349Q"	0	44	407	288	391	25	403	337	321
"118"	"P349G"	330	150	606	415	523	145	607	363	540
"119"	"P349H"	268	201	907	926	791	436	771	457	889
"120"	"P349I"	153	245	472	367	482	399	467	376	371
"121"	"P349L"	317	198	604	513	629	200	598	347	557
"122"	"P349K"	29	479	648	1029	629	252	667	542	500
"123"	"P349M"	143	52	415	273	417	60	337	319	396
"124"	"P349F"	53	142	376	373	410	102	346	172	313
"125"	"P349P"	4329677	2337132	4567442	4476930	4373339	3145186	4092335	3070425	4535418
"126"	"P349S"	358	157	1084	718	944	208	920	560	721
"127"	"P349T"	346	314	1421	942	1132	414	993	609	875
"128"	"P349W"	331	128	392	119	390	130	350	166	182
"129"	"P349Y"	333	480	513	481	483	732	496	350	664
"130"	"P349V"	264	260	369	530	419	350	332	306	562
"131"	"P349X"	0	0	0	1	0	1	1	0	0
"132"	"P349B"	0	0	0	0	0	0	0	0	0
"133"	"E350A"	109	99	675	570	685	62	627	441	520
"134"	"E350R"	169	214	509	592	547	207	552	368	628
"135"	"E350N"	41	126	473	4173	440	94	456	1531	4769
"136"	"E350D"	214	178	816	504	790	169	763	464	700
"137"	"E350C"	285	113	634	333	692	245	720	336	337
"138"	"E350E"	4328899	2337969	4567312	4475648	4372825	3146277	4090735	3072279	4535083
"139"	"E350Q"	45	98	543	716	570	81	492	381	688
"140"	"E350G"	390	237	1508	825	1540	441	1402	627	913
"141"	"E350H"	22	44	259	265	255	22	278	162	224
"142"	"E350I"	405	114	551	481	535	104	564	270	362
"143"	"E350L"	246	193	1072	750	986	282	1103	462	596
"144"	"E350K"	1232	339	643	542	555	458	675	534	843
"145"	"E350M"	141	140	553	439	509	80	500	154	282
"146"	"E350F"	61	26	475	370	511	49	486	225	264
"147"	"E350P"	320	237	778	474	614	233	625	567	649
"148"	"E350S"	0	0	3	1	0	0	0	1	0
"149"	"E350T"	119	28	641	536	517	33	553	313	408
"150"	"E350W"	139	37	488	325	547	23	575	148	224
"151"	"E350Y"	23	4	379	255	484	87	469	214	332
"152"	"E350V"	184	198	493	697	554	221	463	423	477
"153"	"E350X"	0	0	0	0	0	0	0	0	0
"154"	"E350B"	252	143	551	261	600	142	533	215	325
"155"	"E351A"	181	257	498	856	479	300	493	443	670
"156"	"E351R"	216	51	615	448	558	95	588	210	379
"157"	"E351N"	146	125	4687	910	2814	594	4025	363	514
"158"	"E351D"	248	197	1066	699	1146	302	958	419	626
"159"	"E351C"	271	273	740	648	614	245	612	478	728
"160"	"E351E"	4328047	2337701	4562895	4476902	4370281	3145060	4087113	3072647	4537767
"161"	"E351Q"	100	112	913	599	889	255	825	520	794
"162"	"E351G"	384	267	1051	670	1082	348	1059	547	697
"163"	"E351H"	36	10	468	567	517	11	524	487	551
"164"	"E351I"	491	146	712	511	730	134	709	294	472
"165"	"E351L"	14	54	578	460	568	8	574	154	275
"166"	"E351K"	199	139	690	704	620	164	629	462	785
"167"	"E351M"	223	277	397	536	478	232	480	399	509
"168"	"E351F"	147	48	699	418	692	110	692	201	229
"169"	"E351P"	400	36	450	551	481	67	442	440	539
"170"	"E351S"	1	0	1	4	0	0	1	2	0
"171"	"E351T"	990	410	406	1551	427	633	363	718	1069
"172"	"E351W"	143	10	432	282	402	49	486	363	513
"173"	"E351Y"	538	20	701	613	714	6	731	281	481
"174"	"E351V"	305	208	728	394	644	522	649	433	458
"175"	"E351X"	0	0	1	0	0	1	0	0	0
"176"	"E351B"	216	196	628	434	620	174	618	254	568
"177"	"I352A"	36	23	370	41	322	4	333	26	133
"178"	"I352R"	0	11	467	286	451	72	470	113	283
"179"	"I352N"	96	88	575	104	521	73	501	109	123
"180"	"I352D"	0	0	1	0	0	0	1	0	0
"181"	"I352C"	23	32	527	222	545	47	530	212	191
"182"	"I352E"	30	24	515	71	493	9	526	40	43
"183"	"I352Q"	49	62	819	270	670	188	879	97	276
"184"	"I352G"	51	109	375	118	346	56	312	69	22
"185"	"I352H"	0	0	0	0	1	0	0	0	0
"186"	"I352I"	4331672	2339293	4568804	4483664	4375079	3147000	4092858	3076437	4543479
"187"	"I352L"	48	107	582	565	599	86	560	347	560
"188"	"I352K"	104	56	418	183	412	40	398	189	199
"189"	"I352M"	60	43	677	377	582	84	592	442	422
"190"	"I352F"	95	147	614	510	578	452	522	385	576
"191"	"I352P"	15	23	345	84	252	29	275	25	14
"192"	"I352S"	66	50	716	169	621	23	652	170	280
"193"	"I352T"	397	214	1057	732	927	489	955	538	783
"194"	"I352W"	60	29	716	334	656	186	700	177	321
"195"	"I352Y"	0	0	0	0	0	0	0	0	0
"196"	"I352V"	494	226	1778	1027	1701	472	1507	739	919
"197"	"I352X"	0	0	0	0	0	0	0	0	0
"198"	"I352B"	0	0	0	0	0	0	0	0	0
"199"	"I353A"	13	13	404	161	351	8	380	81	81
"200"	"I353R"	14	28	429	157	384	25	386	62	155
"201"	"I353N"	94	54	538	125	472	74	465	92	126
"202"	"I353D"	0	0	0	0	0	0	0	0	0
"203"	"I353C"	31	20	346	176	353	64	333	203	151
"204"	"I353E"	58	32	437	74	371	4	407	79	18
"205"	"I353Q"	76	23	538	58	487	38	521	33	27
"206"	"I353G"	3	6	816	23	748	94	695	60	42
"207"	"I353H"	0	0	0	0	0	0	0	0	0
"208"	"I353I"	4331095	2339447	4568768	4485072	4375172	3147269	4093255	3077379	4545040
"209"	"I353L"	72	25	506	178	550	82	437	142	231
"210"	"I353K"	20	27	583	132	476	35	452	77	150
"211"	"I353M"	112	31	517	115	460	121	488	74	95
"212"	"I353F"	61	80	652	136	577	110	536	92	125
"213"	"I353P"	16	17	593	71	483	0	503	65	22
"214"	"I353S"	230	5	710	95	585	41	577	83	154
"215"	"I353T"	859	371	1613	1074	1510	757	1422	588	1010
"216"	"I353W"	23	34	491	58	502	10	440	50	48
"217"	"I353Y"	0	0	0	0	0	0	0	0	0
"218"	"I353V"	519	324	1412	1052	1274	578	1272	955	1149
"219"	"I353X"	0	0	3	0	0	0	2	0	0
"220"	"I353B"	0	0	0	0	1	0	0	0	0
"221"	"M354A"	6	9	466	42	450	94	479	31	44
"222"	"M354R"	47	14	547	125	483	15	475	88	90
"223"	"M354N"	23	17	431	33	406	4	384	28	24
"224"	"M354D"	0	0	0	0	0	0	0	0	0
"225"	"M354C"	0	0	0	0	0	0	0	0	0
"226"	"M354E"	26	13	438	73	470	19	378	7	59
"227"	"M354Q"	58	43	668	44	685	34	524	47	73
"228"	"M354G"	18	21	453	56	454	82	411	15	34
"229"	"M354H"	0	0	0	0	1	0	0	0	0
"230"	"M354I"	1650	1608	1649	2084	1556	1756	1378	1431	2167
"231"	"M354L"	180	222	901	1268	814	367	782	705	1105
"232"	"M354K"	90	67	381	71	353	69	335	56	78
"233"	"M354M"	4328425	2337178	4568730	4482796	4374785	3144901	4093086	3075930	4542523
"234"	"M354F"	1374	791	527	528	444	1145	486	378	673
"235"	"M354P"	170	35	799	155	686	57	814	42	82
"236"	"M354S"	56	42	578	36	452	39	470	35	19
"237"	"M354T"	627	196	1074	334	1082	197	1073	254	305
"238"	"M354W"	169	60	534	187	514	46	490	164	335
"239"	"M354Y"	0	0	0	0	0	0	0	0	0
"240"	"M354V"	377	221	1180	925	1121	485	1006	904	1013
"241"	"M354X"	0	0	0	0	0	0	0	0	0
"242"	"M354B"	0	0	0	0	0	0	0	0	0
"243"	"D355A"	10	14	553	72	516	47	523	27	34
"244"	"D355R"	8	22	421	46	410	35	415	17	14
"245"	"D355N"	194	158	813	377	748	123	857	252	559
"246"	"D355D"	4330835	2338858	4567984	4485650	4373689	3146013	4091657	3077974	4545306
"247"	"D355C"	167	81	509	47	479	239	426	46	96
"248"	"D355E"	594	306	1133	788	1212	633	1130	564	969
"249"	"D355Q"	39	20	434	109	407	8	371	64	42
"250"	"D355G"	680	524	1577	682	1636	1141	1685	451	649
"251"	"D355H"	135	70	569	179	555	53	627	81	95
"252"	"D355I"	50	2	313	8	259	80	280	23	3
"253"	"D355L"	12	32	435	90	474	106	454	19	68
"254"	"D355K"	6	14	297	28	330	15	302	31	50
"255"	"D355M"	3	6	348	49	323	0	282	22	13
"256"	"D355F"	39	22	452	23	421	91	430	21	39
"257"	"D355P"	22	1	311	4	290	28	251	19	10
"258"	"D355S"	12	52	427	96	438	136	431	39	90
"259"	"D355T"	47	30	659	104	545	159	563	99	150
"260"	"D355W"	57	6	347	50	413	88	375	13	26
"261"	"D355Y"	292	220	1319	255	1161	208	1076	250	282
"262"	"D355V"	94	99	455	100	450	107	436	103	129
"263"	"D355X"	0	0	0	0	0	0	0	0	0
"264"	"D355B"	0	0	0	0	0	0	0	0	0
"265"	"R356A"	0	44	360	109	324	1	320	94	83
"266"	"R356R"	4331233	2339093	4568313	4485311	4374016	3146966	4092847	3077623	4545363
"267"	"R356N"	36	13	473	76	455	6	383	32	44
"268"	"R356D"	0	0	0	0	0	0	0	0	0
"269"	"R356C"	35	34	656	62	686	21	547	80	95
"270"	"R356E"	8	39	347	77	389	81	344	25	41
"271"	"R356Q"	0	0	1	0	0	0	0	0	1
"272"	"R356G"	520	302	1513	620	1479	440	1357	483	567
"273"	"R356H"	494	430	688	618	569	740	606	404	562
"274"	"R356I"	301	221	1334	468	1282	250	1048	276	398
"275"	"R356L"	141	61	695	74	675	59	646	50	51
"276"	"R356K"	84	98	663	449	630	280	632	397	505
"277"	"R356M"	21	2	458	105	462	86	433	60	64
"278"	"R356F"	11	22	669	115	623	219	546	63	74
"279"	"R356P"	77	18	549	21	511	1	465	30	19
"280"	"R356S"	107	55	557	305	687	63	574	208	293
"281"	"R356T"	23	38	483	96	534	13	464	69	113
"282"	"R356W"	40	6	496	59	456	27	407	79	40
"283"	"R356Y"	15	9	590	107	514	2	561	79	143
"284"	"R356V"	128	34	482	66	427	28	370	48	141
"285"	"R356X"	22	18	29	19	37	27	21	15	27
"286"	"R356B"	0	0	0	0	0	0	0	0	0
"287"	"P357A"	45	45	465	139	515	63	492	75	127
"288"	"P357R"	49	24	406	56	448	40	418	68	85
"289"	"P357N"	279	3	347	53	347	6	342	38	32
"290"	"P357D"	26	16	357	59	294	0	329	36	51
"291"	"P357C"	23	22	278	5	247	10	264	24	26
"292"	"P357E"	26	10	443	44	398	85	433	15	27
"293"	"P357Q"	21	20	353	23	341	18	381	57	28
"294"	"P357G"	14	27	449	49	379	16	492	41	18
"295"	"P357H"	246	162	883	358	861	275	641	292	392
"296"	"P357I"	10	16	469	29	445	3	418	16	20
"297"	"P357L"	149	99	528	156	513	118	518	129	170
"298"	"P357K"	8	0	361	140	338	7	311	17	24
"299"	"P357M"	12	26	463	67	327	160	449	38	31
"300"	"P357F"	11	6	338	12	295	13	323	22	12
"301"	"P357P"	4331839	2339701	4570589	4486817	4376448	3147486	4094316	3078794	4546814
"302"	"P357S"	190	99	443	221	438	179	471	133	281
"303"	"P357T"	193	164	981	438	976	342	877	264	399
"304"	"P357W"	4	12	342	25	329	120	287	28	18
"305"	"P357Y"	49	1	254	45	234	0	244	1	11
"306"	"P357V"	102	84	607	21	583	369	565	27	58
"307"	"P357X"	0	0	0	0	0	0	0	0	0
"308"	"P357B"	0	0	0	0	0	0	0	0	0
"309"	"F358A"	197	6	418	62	355	13	401	69	34
"310"	"F358R"	15	38	556	84	510	18	629	61	24
"311"	"F358N"	13	93	451	28	428	33	414	30	26
"312"	"F358D"	93	11	439	47	419	112	561	66	74
"313"	"F358C"	68	30	644	231	611	14	578	133	22
"314"	"F358E"	45	55	747	146	628	77	676	56	52
"315"	"F358Q"	147	25	437	34	418	55	399	24	7
"316"	"F358G"	9	9	474	43	460	48	438	28	36
"317"	"F358H"	70	61	396	13	397	28	471	9	27
"318"	"F358I"	76	25	649	122	579	373	694	101	130
"319"	"F358L"	916	462	1758	940	1659	711	1620	656	920
"320"	"F358K"	338	173	3315	535	2015	305	3217	258	362
"321"	"F358M"	33	16	539	138	499	151	487	25	35
"322"	"F358F"	4330501	2338928	4564123	4485274	4371723	3146577	4087999	3077905	4545905
"323"	"F358P"	31	20	465	20	433	54	422	18	56
"324"	"F358S"	492	313	1702	600	1461	498	1639	370	514
"325"	"F358T"	47	77	628	34	553	5	552	67	22
"326"	"F358W"	26	58	501	70	493	50	459	67	69
"327"	"F358Y"	152	81	591	278	622	159	462	135	233
"328"	"F358V"	27	55	523	58	493	29	453	37	76
"329"	"F358X"	0	0	0	0	0	0	0	0	0
"330"	"F358B"	0	1	0	0	0	0	0	0	0
"331"	"L359A"	63	46	481	191	477	199	451	122	256
"332"	"L359R"	54	18	489	13	434	18	430	54	21
"333"	"L359N"	37	43	384	65	373	1	325	72	85
"334"	"L359D"	12	24	579	103	481	283	504	77	47
"335"	"L359C"	122	25	575	181	534	28	525	165	160
"336"	"L359E"	25	16	604	73	546	37	552	63	81
"337"	"L359Q"	25	5	552	64	517	22	438	95	98
"338"	"L359G"	12	44	455	115	389	59	455	71	75
"339"	"L359H"	158	84	628	230	637	111	606	128	338
"340"	"L359I"	293	264	1391	1241	1183	963	1323	761	1513
"341"	"L359L"	4331556	2339416	4567633	4484149	4374149	3146191	4091588	3076837	4543884
"342"	"L359K"	55	43	537	41	450	34	488	54	33
"343"	"L359M"	53	11	625	587	579	3	574	284	488
"344"	"L359F"	119	87	556	289	531	99	553	268	298
"345"	"L359P"	461	257	1207	452	1116	529	1269	311	430
"346"	"L359S"	4	11	344	63	331	50	299	50	89
"347"	"L359T"	30	37	491	239	449	23	485	92	83
"348"	"L359W"	5	51	869	126	763	369	800	197	151
"349"	"L359Y"	48	27	462	69	357	184	481	80	161
"350"	"L359V"	164	28	490	466	459	107	425	334	333
"351"	"L359X"	0	0	1	0	1	0	0	0	0
"352"	"L359B"	0	0	3	0	0	0	0	0	0
"353"	"F360A"	54	30	428	49	418	84	398	51	50
"354"	"F360R"	61	10	380	4	365	25	305	21	70
"355"	"F360N"	69	22	458	25	416	58	419	32	19
"356"	"F360D"	45	12	427	60	378	19	387	11	2
"357"	"F360C"	27	34	435	104	422	68	425	52	93
"358"	"F360E"	54	18	481	77	497	72	461	75	23
"359"	"F360Q"	638	18	517	108	510	23	495	74	71
"360"	"F360G"	29	34	392	23	432	0	330	50	11
"361"	"F360H"	15	26	372	27	345	39	320	31	19
"362"	"F360I"	83	68	467	219	423	141	371	141	180
"363"	"F360L"	459	257	919	500	831	325	800	315	552
"364"	"F360K"	217	21	453	102	499	15	438	51	35
"365"	"F360M"	24	10	380	147	351	138	295	107	172
"366"	"F360F"	4330619	2339486	4569707	4486230	4375478	3147718	4093957	3078390	4546479
"367"	"F360P"	39	44	480	48	375	10	366	21	36
"368"	"F360S"	362	217	1406	523	1215	397	1189	309	385
"369"	"F360T"	13	59	359	78	459	31	391	84	80
"370"	"F360W"	91	7	472	135	428	46	336	111	102
"371"	"F360Y"	160	51	446	128	472	67	452	87	131
"372"	"F360V"	237	113	375	170	440	34	432	102	114
"373"	"F360X"	0	0	0	0	1	0	0	0	0
"374"	"F360B"	0	0	2	0	1	0	4	0	0
"375"	"V361A"	648	245	1364	869	1587	301	1403	701	709
"376"	"V361R"	0	0	1	0	0	0	1	0	0
"377"	"V361N"	20	16	441	47	463	83	489	37	90
"378"	"V361D"	50	16	546	38	497	0	522	32	55
"379"	"V361C"	0	0	0	0	0	0	0	0	0
"380"	"V361E"	89	75	415	141	420	184	375	79	93
"381"	"V361Q"	31	12	407	62	378	160	384	34	41
"382"	"V361G"	36	32	481	136	464	52	473	37	72
"383"	"V361H"	9	15	529	32	452	31	463	24	79
"384"	"V361I"	11	26	358	546	351	20	356	457	432
"385"	"V361L"	330	141	808	743	831	153	688	397	608
"386"	"V361K"	14	90	462	53	424	18	443	34	22
"387"	"V361M"	163	158	635	548	593	202	643	295	599
"388"	"V361F"	110	30	581	212	541	94	502	456	367
"389"	"V361P"	167	22	743	85	646	193	730	98	111
"390"	"V361S"	31	21	441	85	477	113	481	64	131
"391"	"V361T"	37	10	717	151	639	50	635	167	324
"392"	"V361W"	9	3	452	116	387	270	402	100	138
"393"	"V361Y"	81	39	424	136	367	43	359	94	88
"394"	"V361V"	4331460	2339586	4569551	4484757	4375237	3147343	4093222	3077009	4544665
"395"	"V361X"	0	0	0	0	2	0	0	0	0
"396"	"V361B"	0	0	0	0	0	0	0	0	0
"397"	"V362A"	635	369	1247	569	1240	397	1054	459	563
"398"	"V362R"	0	0	0	0	1	0	1	0	0
"399"	"V362N"	60	20	408	56	417	1	376	25	39
"400"	"V362D"	62	88	533	92	490	78	421	76	109
"401"	"V362C"	0	0	0	0	0	0	0	0	0
"402"	"V362E"	53	22	483	46	406	42	356	24	49
"403"	"V362Q"	28	20	456	16	438	11	397	26	70
"404"	"V362G"	96	65	402	62	379	151	335	60	119
"405"	"V362H"	17	8	426	18	414	36	431	27	42
"406"	"V362I"	228	147	538	681	540	357	574	368	555
"407"	"V362L"	12	82	351	71	350	23	337	54	78
"408"	"V362K"	64	9	332	34	382	4	320	31	15
"409"	"V362M"	9	30	382	39	406	54	343	34	65
"410"	"V362F"	240	224	857	302	926	361	788	198	318
"411"	"V362P"	112	5	181	47	172	15	152	17	5
"412"	"V362S"	9	20	361	53	411	3	357	35	20
"413"	"V362T"	24	31	452	162	399	31	418	80	76
"414"	"V362W"	71	27	424	14	436	63	348	29	48
"415"	"V362Y"	6	62	434	84	398	17	311	170	44
"416"	"V362V"	4331570	2339308	4571089	4486411	4376551	3147666	4095251	3078402	4546409
"417"	"V362X"	0	0	0	0	0	0	0	0	0
"418"	"V362B"	0	0	0	0	0	0	1	0	0
"419"	"R363A"	50	45	462	225	424	9	459	202	180
"420"	"R363R"	4324814	2336218	4566006	4479768	4372143	3144390	4090140	3073547	4539166
"421"	"R363N"	73	35	466	226	390	48	367	172	306
"422"	"R363D"	1	40	519	35	443	9	434	31	73
"423"	"R363C"	52	91	265	275	306	119	288	141	158
"424"	"R363E"	103	43	478	282	388	57	413	119	225
"425"	"R363Q"	674	516	1511	849	1403	534	1405	950	1012
"426"	"R363G"	55	117	578	165	551	247	504	96	177
"427"	"R363H"	30	20	565	655	501	32	518	191	475
"428"	"R363I"	1458	690	1063	976	1001	887	1025	789	1005
"429"	"R363L"	618	657	1178	1188	1220	422	980	894	1056
"430"	"R363K"	205	70	514	333	581	312	548	168	329
"431"	"R363M"	279	123	655	545	558	358	541	330	473
"432"	"R363F"	84	138	506	303	528	146	620	353	373
"433"	"R363P"	83	135	725	103	664	53	547	74	217
"434"	"R363S"	106	54	784	438	695	138	737	191	452
"435"	"R363T"	718	810	501	825	495	903	482	682	1149
"436"	"R363W"	3297	316	1417	790	1376	371	1446	551	834
"437"	"R363Y"	130	37	355	97	312	5	286	144	193
"438"	"R363V"	459	382	802	676	771	269	829	488	768
"439"	"R363X"	7	0	6	3	6	1	2	2	3
"440"	"R363B"	0	0	0	0	0	0	0	0	0
"441"	"H364A"	0	0	0	0	1	0	0	0	0
"442"	"H364R"	578	411	1468	478	1557	469	1364	332	475
"443"	"H364N"	318	320	1236	469	1148	503	945	294	629
"444"	"H364D"	253	151	394	171	417	360	422	125	186
"445"	"H364C"	75	46	326	46	380	33	364	36	18
"446"	"H364E"	59	196	827	158	662	243	775	59	201
"447"	"H364Q"	258	173	948	447	827	294	830	294	428
"448"	"H364G"	117	41	465	137	444	216	454	35	22
"449"	"H364H"	4328922	2337801	4568480	4485393	4374042	3145523	4092452	3077670	4545278
"450"	"H364I"	173	138	521	103	484	127	457	66	105
"451"	"H364L"	104	79	370	95	379	191	342	75	64
"452"	"H364K"	18	42	345	77	362	23	378	41	59
"453"	"H364M"	196	63	406	62	463	115	373	72	79
"454"	"H364F"	134	127	380	103	469	59	382	49	67
"455"	"H364P"	8	18	425	32	408	97	443	69	9
"456"	"H364S"	166	188	345	117	305	51	354	70	101
"457"	"H364T"	35	58	407	24	422	107	457	56	65
"458"	"H364W"	102	48	292	52	304	55	225	91	69
"459"	"H364Y"	1267	603	1347	721	1298	790	1210	623	717
"460"	"H364V"	513	34	373	72	384	53	343	58	52
"461"	"H364X"	0	0	1	0	0	0	0	0	0
"462"	"H364B"	0	0	0	0	0	1	1	0	0
"463"	"N365A"	53	6	442	147	391	20	417	101	129
"464"	"N365R"	30	35	376	135	346	32	364	27	90
"465"	"N365N"	4331394	2339120	4566556	4484286	4372733	3146759	4091081	3077396	4544378
"466"	"N365D"	407	198	1656	703	1611	282	1414	477	654
"467"	"N365C"	43	69	529	95	513	17	462	69	130
"468"	"N365E"	43	35	434	245	372	38	432	191	270
"469"	"N365Q"	9	48	618	269	531	67	490	168	212
"470"	"N365G"	8	13	755	209	661	30	716	200	282
"471"	"N365H"	142	37	804	247	684	275	658	96	285
"472"	"N365I"	30	66	564	150	574	86	504	75	186
"473"	"N365L"	75	28	500	92	419	79	437	87	101
"474"	"N365K"	284	119	1143	379	1207	271	1122	267	413
"475"	"N365M"	37	75	600	192	509	291	532	96	196
"476"	"N365F"	30	18	552	96	582	0	472	76	91
"477"	"N365P"	62	101	357	88	367	88	399	79	64
"478"	"N365S"	418	275	1101	489	1018	332	1030	363	566
"479"	"N365T"	44	23	631	421	644	171	592	109	166
"480"	"N365W"	69	65	485	211	439	253	363	94	166
"481"	"N365Y"	82	39	581	137	482	160	460	59	87
"482"	"N365V"	36	167	672	166	672	59	625	84	158
"483"	"N365X"	0	0	0	0	1	0	0	1	0
"484"	"N365B"	0	0	0	0	0	0	1	0	0
"485"	"P366A"	361	179	657	666	707	106	708	308	492
"486"	"P366R"	242	136	598	267	599	196	640	148	277
"487"	"P366N"	245	149	652	414	677	84	545	325	454
"488"	"P366D"	444	197	490	329	485	88	410	319	438
"489"	"P366C"	131	112	472	261	500	57	518	138	103
"490"	"P366E"	96	113	627	304	513	250	498	231	420
"491"	"P366Q"	112	70	405	144	344	70	388	110	169
"492"	"P366G"	271	117	642	448	654	250	611	263	475
"493"	"P366H"	222	242	1307	680	983	347	945	372	555
"494"	"P366I"	100	49	595	354	556	33	593	140	222
"495"	"P366L"	304	113	1101	427	1110	551	1160	318	357
"496"	"P366K"	82	79	434	326	409	83	468	221	424
"497"	"P366M"	66	106	473	199	456	330	455	171	352
"498"	"P366F"	603	207	1185	863	1164	500	1310	362	1109
"499"	"P366P"	4329369	2338133	4566506	4481469	4372511	3145544	4090449	3075680	4541343
"500"	"P366S"	247	191	713	464	667	186	665	238	280
"501"	"P366T"	237	196	1031	644	927	459	818	313	715
"502"	"P366W"	69	53	517	122	463	47	438	89	125
"503"	"P366Y"	39	45	442	169	488	87	469	223	111
"504"	"P366V"	56	50	500	207	535	42	476	145	199
"505"	"P366X"	0	0	9	0	8	0	7	1	4
"506"	"P366B"	0	0	0	0	0	0	0	0	0
"507"	"T367A"	449	247	1249	582	1032	276	998	311	392
"508"	"T367R"	15	63	443	67	427	90	405	70	99
"509"	"T367N"	285	37	445	75	451	12	391	45	112
"510"	"T367D"	68	41	564	172	542	28	558	65	126
"511"	"T367C"	57	85	655	129	539	113	513	85	68
"512"	"T367E"	57	62	426	87	478	13	384	57	131
"513"	"T367Q"	0	0	0	0	0	0	0	0	0
"514"	"T367G"	54	30	518	86	536	48	457	25	116
"515"	"T367H"	0	0	0	0	0	0	0	0	0
"516"	"T367I"	296	105	585	273	572	174	592	130	168
"517"	"T367L"	46	24	442	70	494	41	419	108	123
"518"	"T367K"	213	162	832	473	724	243	738	206	374
"519"	"T367M"	199	30	374	33	303	1	252	62	28
"520"	"T367F"	213	108	686	168	676	240	730	157	113
"521"	"T367P"	60	76	329	82	319	91	272	24	100
"522"	"T367S"	125	130	448	528	423	258	371	264	460
"523"	"T367T"	4330591	2339053	4569343	4485549	4375463	3147292	4093675	3078290	4545851
"524"	"T367W"	292	89	908	262	700	71	774	124	132
"525"	"T367Y"	251	154	585	83	599	281	528	71	136
"526"	"T367V"	25	41	523	38	477	38	514	21	95
"527"	"T367X"	0	0	1	0	1	0	0	0	0
"528"	"T367B"	0	0	0	0	0	0	0	0	0
"529"	"G368A"	210	94	521	907	574	69	455	577	1090
"530"	"G368R"	126	172	716	369	766	224	759	220	439
"531"	"G368N"	88	51	520	244	423	36	476	110	151
"532"	"G368D"	21	148	773	437	640	223	705	263	401
"533"	"G368C"	36	39	521	101	501	41	562	169	118
"534"	"G368E"	229	125	683	524	584	154	686	289	599
"535"	"G368Q"	44	19	467	312	531	40	441	96	216
"536"	"G368G"	4331346	2339200	4567201	4483665	4373460	3147237	4091250	3077210	4543620
"537"	"G368H"	30	3	467	237	498	12	416	103	182
"538"	"G368I"	55	26	455	66	408	22	449	28	36
"539"	"G368L"	78	49	493	142	446	60	453	66	85
"540"	"G368K"	165	4	378	75	365	0	334	52	86
"541"	"G368M"	41	25	454	160	446	141	414	111	176
"542"	"G368F"	11	55	1208	228	1004	161	1078	97	85
"543"	"G368P"	83	31	633	41	521	32	581	47	19
"544"	"G368S"	27	72	528	277	425	221	491	129	223
"545"	"G368T"	88	52	583	332	566	71	490	115	378
"546"	"G368W"	2	21	269	39	294	135	280	56	51
"547"	"G368Y"	136	29	767	138	692	68	798	42	204
"548"	"G368V"	300	181	1169	299	1082	236	1021	204	253
"549"	"G368X"	180	141	550	164	530	127	432	131	212
"550"	"G368B"	0	0	0	0	0	0	0	0	0
"551"	"T369A"	960	772	1160	1365	1209	776	1075	809	1207
"552"	"T369R"	152	52	503	114	444	49	504	46	242
"553"	"T369N"	397	240	372	76	386	272	292	124	189
"554"	"T369D"	0	63	490	147	476	224	438	79	79
"555"	"T369C"	100	274	424	950	390	352	463	275	533
"556"	"T369E"	279	151	412	167	445	399	433	152	139
"557"	"T369Q"	0	0	0	0	0	0	0	0	0
"558"	"T369G"	1601	660	649	347	529	742	562	308	404
"559"	"T369H"	0	0	0	0	0	0	0	0	0
"560"	"T369I"	152	175	695	533	712	189	694	261	510
"561"	"T369L"	1060	737	850	1006	742	1163	817	683	887
"562"	"T369K"	295	297	1114	690	900	489	919	271	726
"563"	"T369M"	664	394	732	415	607	591	711	464	519
"564"	"T369F"	1125	269	436	230	407	342	482	182	317
"565"	"T369P"	53	47	380	36	354	72	332	35	51
"566"	"T369S"	138	81	501	208	413	83	490	130	198
"567"	"T369T"	4325522	2335458	4569517	4481841	4375718	3142365	4093322	3075872	4541975
"568"	"T369W"	546	657	455	264	395	844	414	145	235
"569"	"T369Y"	203	162	494	257	451	328	422	97	200
"570"	"T369V"	49	48	170	111	177	30	200	182	213
"571"	"T369X"	0	0	1	0	1	0	1	0	0
"572"	"T369B"	0	0	1	0	0	0	0	0	0
"573"	"V370A"	653	307	2436	945	1845	431	1986	468	750
"574"	"V370R"	0	0	2	0	1	0	1	0	0
"575"	"V370N"	27	18	336	74	302	0	341	58	56
"576"	"V370D"	177	101	580	242	594	124	615	181	226
"577"	"V370C"	0	0	0	0	0	0	0	0	0
"578"	"V370E"	22	29	412	43	338	29	369	57	27
"579"	"V370Q"	37	6	356	71	326	37	379	45	80
"580"	"V370G"	35	33	442	60	431	11	385	50	56
"581"	"V370H"	336	11	299	75	310	24	302	17	26
"582"	"V370I"	200	99	416	470	410	240	419	414	573
"583"	"V370L"	169	88	385	355	367	65	333	275	381
"584"	"V370K"	28	85	892	77	533	336	741	62	68
"585"	"V370M"	7	9	353	275	340	40	263	165	295
"586"	"V370F"	408	219	923	393	1019	331	784	355	499
"587"	"V370P"	20	57	316	45	290	15	284	75	190
"588"	"V370S"	74	15	412	74	381	32	389	44	33
"589"	"V370T"	93	24	479	115	343	60	342	88	211
"590"	"V370W"	124	114	680	235	640	249	682	189	206
"591"	"V370Y"	50	55	357	89	340	105	332	27	38
"592"	"V370V"	4330836	2339267	4569280	4485119	4375946	3147181	4093623	3077545	4544909
"593"	"V370X"	0	0	0	0	0	0	0	0	0
"594"	"V370B"	0	0	0	0	0	0	1	0	0
"595"	"L371A"	16	8	453	97	445	5	436	64	201
"596"	"L371R"	55	37	567	63	589	70	609	45	62
"597"	"L371N"	1	39	585	65	496	363	507	25	18
"598"	"L371D"	34	42	583	75	570	85	643	88	57
"599"	"L371C"	170	49	339	78	359	18	325	80	60
"600"	"L371E"	35	40	600	48	559	0	564	75	51
"601"	"L371Q"	1102	121	612	110	612	91	665	56	128
"602"	"L371G"	26	84	358	36	329	83	328	19	29
"603"	"L371H"	156	81	564	94	550	85	481	83	161
"604"	"L371I"	2122	1132	3033	2989	2916	2391	2912	1967	4087
"605"	"L371L"	4328085	2337837	4563993	4482996	4371254	3144569	4087881	3075836	4541644
"606"	"L371K"	37	95	419	36	366	49	355	77	67
"607"	"L371M"	41	91	355	257	340	251	404	213	234
"608"	"L371F"	153	135	544	213	487	185	467	192	295
"609"	"L371P"	473	256	1274	513	1164	358	1219	359	498
"610"	"L371S"	83	3	336	40	326	17	320	50	30
"611"	"L371T"	31	6	433	75	427	14	449	65	106
"612"	"L371W"	415	265	1477	307	1103	317	1414	207	202
"613"	"L371Y"	63	98	512	147	490	6	469	107	70
"614"	"L371V"	198	118	2319	518	1374	353	2123	507	624
"615"	"L371X"	0	0	0	0	0	0	0	0	0
"616"	"L371B"	0	0	0	0	0	0	0	0	0
"617"	"F372A"	4526	1829	633	921	578	2666	539	426	847
"618"	"F372R"	88	38	930	203	760	100	872	58	181
"619"	"F372N"	32	54	338	106	343	133	336	59	81
"620"	"F372D"	110	7	572	35	500	75	517	9	63
"621"	"F372C"	2183	1090	1110	501	961	1655	1066	418	909
"622"	"F372E"	144	203	645	83	588	135	560	72	103
"623"	"F372Q"	122	68	598	78	631	145	585	171	180
"624"	"F372G"	877	476	833	904	767	1156	822	142	266
"625"	"F372H"	11	82	470	64	405	2	428	66	115
"626"	"F372I"	1894	550	324	466	342	644	367	367	539
"627"	"F372L"	5374	2059	2291	2503	2028	2338	2132	1727	2915
"628"	"F372K"	747	284	1430	624	1075	610	1350	285	475
"629"	"F372M"	1763	1265	463	1417	521	1246	537	956	1774
"630"	"F372F"	4309608	2329840	4564282	4478758	4371134	3134806	4088473	3073963	4537737
"631"	"F372P"	51	54	572	36	444	101	463	19	22
"632"	"F372S"	1686	787	1781	685	1779	1064	1741	635	929
"633"	"F372T"	343	130	519	146	394	186	391	82	158
"634"	"F372W"	203	122	634	140	626	16	571	72	216
"635"	"F372Y"	50	68	425	139	390	207	395	62	144
"636"	"F372V"	3484	1530	506	948	489	2025	426	526	970
"637"	"F372X"	0	1	0	0	1	0	0	0	0
"638"	"F372B"	0	0	0	0	0	0	0	0	0
"639"	"M373A"	28	142	360	673	379	80	332	425	1015
"640"	"M373R"	22	10	493	57	456	102	499	56	30
"641"	"M373N"	43	34	390	19	302	33	334	41	35
"642"	"M373D"	0	0	0	0	0	0	0	0	0
"643"	"M373C"	0	0	0	0	0	0	0	0	0
"644"	"M373E"	29	19	426	83	394	3	392	48	44
"645"	"M373Q"	60	36	567	176	532	14	540	42	111
"646"	"M373G"	20	22	619	228	526	72	645	200	160
"647"	"M373H"	0	0	0	0	0	0	0	0	0
"648"	"M373I"	830	497	2921	1784	2117	718	2357	1335	1936
"649"	"M373L"	163	84	609	1174	587	458	592	576	1108
"650"	"M373K"	324	64	558	149	456	151	441	137	114
"651"	"M373M"	4330550	2338686	4568735	4481999	4375465	3146211	4093038	3075422	4541453
"652"	"M373F"	33	9	420	53	397	356	392	47	119
"653"	"M373P"	23	80	473	44	406	0	428	25	22
"654"	"M373S"	77	31	323	173	301	169	265	195	256
"655"	"M373T"	621	278	966	649	981	360	924	524	764
"656"	"M373W"	18	47	469	48	494	12	464	51	84
"657"	"M373Y"	0	0	0	0	0	0	0	0	0
"658"	"M373V"	455	497	1025	1448	961	571	926	991	1373
"659"	"M373X"	0	0	2	0	0	0	0	0	0
"660"	"M373B"	0	1	0	0	2	0	2	0	0
"661"	"G374A"	69	36	403	149	355	53	373	89	146
"662"	"G374R"	56	67	478	109	446	72	416	53	54
"663"	"G374N"	36	5	339	81	289	41	344	20	27
"664"	"G374D"	2627	1098	2995	1773	3611	1516	2949	1818	2030
"665"	"G374C"	430	220	1262	422	1253	288	1103	337	400
"666"	"G374E"	1	10	328	34	312	62	302	12	21
"667"	"G374Q"	47	65	354	48	347	17	440	24	62
"668"	"G374G"	4328638	2338579	4567722	4485202	4372755	3146607	4091352	3077050	4544942
"669"	"G374H"	27	25	263	6	265	1	256	19	9
"670"	"G374I"	18	19	347	10	302	32	347	10	24
"671"	"G374L"	111	10	346	28	316	0	341	14	7
"672"	"G374K"	14	10	303	11	298	46	346	7	40
"673"	"G374M"	48	15	541	79	488	59	506	30	20
"674"	"G374F"	160	27	398	36	453	23	402	42	32
"675"	"G374P"	11	3	324	32	316	68	337	17	12
"676"	"G374S"	423	151	926	430	817	262	877	264	492
"677"	"G374T"	45	5	374	33	453	0	394	40	16
"678"	"G374W"	2	16	358	16	326	5	326	5	6
"679"	"G374Y"	18	28	298	18	301	7	269	3	34
"680"	"G374V"	515	148	997	240	1051	151	891	261	249
"681"	"G374X"	0	0	0	0	0	0	0	0	1
"682"	"G374B"	0	0	0	0	2	0	0	0	0
"683"	"Q375A"	16	20	254	70	188	4	213	34	42
"684"	"Q375R"	636	281	1861	760	1891	446	1713	639	911
"685"	"Q375N"	46	31	294	207	364	72	303	182	189
"686"	"Q375D"	46	34	521	60	408	38	443	23	62
"687"	"Q375C"	97	59	426	185	389	141	395	218	160
"688"	"Q375E"	37	15	386	163	390	34	387	84	164
"689"	"Q375Q"	4331324	2339213	4568822	4484136	4374769	3147002	4092985	3076697	4543851
"690"	"Q375G"	30	10	367	24	314	82	321	96	49
"691"	"Q375H"	113	155	460	467	481	92	427	324	505
"692"	"Q375I"	149	44	482	267	489	73	543	205	282
"693"	"Q375L"	103	85	414	431	347	117	454	204	292
"694"	"Q375K"	211	160	712	449	698	231	531	300	461
"695"	"Q375M"	17	14	521	190	588	18	518	117	144
"696"	"Q375F"	9	32	514	137	476	232	406	120	232
"697"	"Q375P"	64	42	409	84	362	132	383	35	79
"698"	"Q375S"	35	17	367	172	387	36	312	37	57
"699"	"Q375T"	48	72	608	262	537	26	568	194	209
"700"	"Q375W"	82	63	433	218	407	57	330	162	211
"701"	"Q375Y"	35	24	351	190	355	86	349	165	229
"702"	"Q375V"	35	57	627	104	471	187	535	149	313
"703"	"Q375X"	163	109	527	181	445	204	455	130	182
"704"	"Q375B"	0	0	0	0	0	0	0	0	0
"705"	"V376A"	423	233	1049	388	934	243	879	275	432
"706"	"V376R"	0	0	2	1	0	0	0	0	0
"707"	"V376N"	72	2	301	28	263	8	317	16	29
"708"	"V376D"	9	120	374	80	308	77	277	42	7
"709"	"V376C"	0	0	0	0	0	0	0	0	0
"710"	"V376E"	129	50	320	85	265	47	276	56	83
"711"	"V376Q"	22	34	429	25	383	108	319	14	31
"712"	"V376G"	17	20	426	98	388	94	328	30	70
"713"	"V376H"	14	41	455	56	403	62	432	23	37
"714"	"V376I"	9	59	308	290	309	38	342	158	173
"715"	"V376L"	445	215	917	791	963	331	784	524	1013
"716"	"V376K"	61	22	304	25	212	1	282	13	45
"717"	"V376M"	104	96	485	332	479	92	546	202	440
"718"	"V376F"	78	30	451	193	418	95	389	190	231
"719"	"V376P"	10	98	319	35	311	0	334	48	19
"720"	"V376S"	36	19	621	88	476	27	612	34	51
"721"	"V376T"	29	13	359	35	315	121	401	29	74
"722"	"V376W"	1	45	494	209	464	10	470	113	78
"723"	"V376Y"	183	139	3424	439	1898	141	2783	238	516
"724"	"V376V"	4331654	2339300	4568317	4485559	4375966	3147815	4092800	3078110	4545295
"725"	"V376X"	0	0	1	0	0	0	0	0	0
"726"	"V376B"	0	1	0	0	1	0	0	0	0
"727"	"M377A"	11	10	154	82	184	1	206	30	92
"728"	"M377R"	17	56	509	77	463	70	420	33	56
"729"	"M377N"	412	75	819	410	651	256	712	257	434
"730"	"M377D"	0	0	0	0	0	0	0	0	0
"731"	"M377C"	0	0	0	0	0	0	0	0	0
"732"	"M377E"	38	10	296	142	237	1	224	64	203
"733"	"M377Q"	5	17	276	293	279	69	342	163	175
"734"	"M377G"	8	16	353	37	331	59	304	11	11
"735"	"M377H"	0	0	0	0	0	1	0	0	0
"736"	"M377I"	556	380	1821	743	1400	500	1568	484	959
"737"	"M377L"	120	82	378	256	350	107	342	195	168
"738"	"M377K"	72	102	435	155	439	152	411	101	148
"739"	"M377M"	4330799	2339270	4570563	4484453	4376478	3146919	4094438	3077169	4544107
"740"	"M377F"	124	23	421	501	483	188	347	364	595
"741"	"M377P"	17	15	270	6	253	1	247	12	61
"742"	"M377S"	53	6	345	99	376	34	397	63	198
"743"	"M377T"	654	230	1267	753	1387	319	1228	559	656
"744"	"M377W"	4	13	379	158	384	57	405	126	152
"745"	"M377Y"	0	0	0	0	0	0	0	0	0
"746"	"M377V"	406	232	1069	592	1061	576	980	484	609
"747"	"M377X"	0	0	0	0	0	0	0	0	0
"748"	"M377B"	0	0	1	0	0	0	0	0	0
"749"	"E378A"	76	44	1042	150	888	29	872	75	86
"750"	"E378R"	24	66	449	50	431	20	445	10	48
"751"	"E378N"	47	29	390	493	398	28	395	220	372
"752"	"E378D"	1127	737	496	589	490	932	446	653	535
"753"	"E378C"	14	63	583	338	570	78	534	188	327
"754"	"E378E"	4330150	2338504	4567972	4484144	4374564	3146876	4092113	3077340	4544223
"755"	"E378Q"	45	82	290	103	314	4	278	101	204
"756"	"E378G"	685	358	1139	676	1077	515	1121	442	671
"757"	"E378H"	53	25	472	215	458	16	382	110	139
"758"	"E378I"	27	21	472	114	370	20	352	53	100
"759"	"E378L"	62	21	527	128	457	23	577	68	145
"760"	"E378K"	664	184	1269	594	794	222	991	196	723
"761"	"E378M"	42	8	509	114	396	9	471	55	87
"762"	"E378F"	29	104	675	204	670	45	677	85	161
"763"	"E378P"	5	27	363	25	338	91	431	19	8
"764"	"E378S"	6	7	344	102	317	35	277	27	54
"765"	"E378T"	7	24	419	55	442	21	377	65	77
"766"	"E378W"	75	22	343	83	317	61	321	31	54
"767"	"E378Y"	13	104	825	261	707	41	805	149	249
"768"	"E378V"	57	41	610	228	567	171	555	178	261
"769"	"E378X"	88	66	167	91	191	73	151	50	100
"770"	"E378B"	0	0	0	0	0	0	0	0	0
"771"	"P379A"	143	92	696	131	616	251	941	144	202
"772"	"P379R"	182	47	959	187	976	223	1137	189	254
"773"	"P379N"	108	12	591	105	570	37	511	56	78
"774"	"P379D"	51	67	482	60	552	23	445	26	47
"775"	"P379C"	27	8	388	27	487	60	378	41	57
"776"	"P379E"	54	69	565	96	570	200	507	28	69
"777"	"P379Q"	2	38	588	75	697	78	543	30	62
"778"	"P379G"	6	14	591	80	633	240	531	47	43
"779"	"P379H"	183	161	806	362	829	298	758	218	412
"780"	"P379I"	20	26	528	104	606	83	520	95	45
"781"	"P379L"	171	130	653	261	649	129	598	205	353
"782"	"P379K"	117	18	502	73	603	56	466	17	42
"783"	"P379M"	1	101	673	107	657	30	497	64	145
"784"	"P379F"	6	18	391	44	410	46	330	66	44
"785"	"P379P"	4331085	2338872	4567160	4485195	4372321	3146089	4090978	3077856	4544584
"786"	"P379S"	135	153	558	148	623	131	554	127	152
"787"	"P379T"	870	593	1865	1567	1459	1169	1630	737	1845
"788"	"P379W"	36	31	404	41	502	22	418	18	110
"789"	"P379Y"	59	14	262	18	338	18	285	103	12
"790"	"P379V"	40	73	693	76	658	127	544	48	68
"791"	"P379X"	0	0	1	0	0	0	0	0	0
"792"	"P379B"	0	0	0	0	0	0	0	0	0
