	"Variants"	"4640-LH-1_ACAGTG"	"4640-LH-1_ACTTGA"	"4640-LH-1_ATCACG"	"4640-LH-1_CAGATC"	"4640-LH-1_CGATGT"	"4640-LH-1_CTTGTA"	"4640-LH-1_GCCAAT"	"4640-LH-1_TGACCA"	"4640-LH-1_TTAGGC"
"1"	"R115A"	41	96	362	200	510	114	447	425	371
"2"	"R115R"	3090660	1935925	2574594	2612738	3129934	3176976	3075718	3090274	3584843
"3"	"R115N"	17	79	250	519	376	105	329	490	554
"4"	"R115D"	54	31	382	376	479	63	410	475	292
"5"	"R115C"	225	108	394	437	536	66	512	430	599
"6"	"R115E"	80	66	289	371	397	276	346	425	540
"7"	"R115Q"	33	59	309	418	421	327	402	520	700
"8"	"R115G"	535	410	922	832	1189	617	1069	1026	1236
"9"	"R115H"	27	36	290	464	434	57	359	545	628
"10"	"R115I"	22	18	293	46	326	50	300	89	80
"11"	"R115L"	32	31	334	156	396	43	379	333	265
"12"	"R115K"	151	105	286	264	403	307	392	392	426
"13"	"R115M"	367	218	617	405	760	250	692	552	530
"14"	"R115F"	29	38	317	198	431	98	388	150	197
"15"	"R115P"	30	26	286	272	339	48	334	188	262
"16"	"R115S"	360	195	647	786	933	540	849	1091	854
"17"	"R115T"	90	79	340	421	497	203	387	600	647
"18"	"R115W"	525	273	741	1138	729	637	839	747	1153
"19"	"R115Y"	36	75	262	190	352	164	314	229	272
"20"	"R115V"	8	9	288	135	397	59	313	78	120
"21"	"R115X"	0	0	5	2	1	0	2	0	0
"22"	"R115B"	0	0	0	0	0	0	0	0	0
"23"	"L116A"	41	36	250	211	335	25	283	355	267
"24"	"L116R"	58	59	378	219	483	164	434	310	361
"25"	"L116N"	48	78	408	557	525	243	447	445	569
"26"	"L116D"	90	229	1523	1000	1359	159	1582	512	1050
"27"	"L116C"	0	0	0	0	0	0	0	0	0
"28"	"L116E"	180	63	368	678	514	591	402	723	1097
"29"	"L116Q"	252	78	388	494	477	140	421	535	661
"30"	"L116G"	112	49	378	211	567	117	420	263	402
"31"	"L116H"	46	79	308	532	406	116	285	541	640
"32"	"L116I"	43	86	299	483	440	118	336	666	643
"33"	"L116L"	3091254	1935981	2574173	2611520	3129556	3177413	3075560	3089914	3583447
"34"	"L116K"	16	47	372	182	449	139	463	224	263
"35"	"L116M"	434	161	606	985	851	524	789	1012	970
"36"	"L116F"	83	62	363	347	497	224	438	452	635
"37"	"L116P"	368	195	740	610	933	403	873	617	743
"38"	"L116S"	91	162	346	521	503	205	381	485	734
"39"	"L116T"	82	38	341	629	433	143	412	515	621
"40"	"L116W"	11	118	388	160	529	36	498	204	292
"41"	"L116Y"	49	116	264	488	500	124	360	490	571
"42"	"L116V"	64	240	315	541	479	116	396	795	603
"43"	"L116X"	0	0	0	0	4	0	1	1	0
"44"	"L116B"	0	0	0	0	0	0	0	0	0
"45"	"F117A"	52	93	381	502	488	195	398	272	599
"46"	"F117R"	11	34	539	98	570	147	596	64	115
"47"	"F117N"	45	28	293	179	449	118	356	238	689
"48"	"F117D"	30	5	369	300	444	36	406	193	221
"49"	"F117C"	98	87	379	293	453	141	367	314	528
"50"	"F117E"	110	15	455	281	526	108	463	269	329
"51"	"F117Q"	22	15	266	157	311	67	294	114	88
"52"	"F117G"	63	22	360	199	560	57	539	279	352
"53"	"F117H"	15	22	258	60	332	0	323	119	156
"54"	"F117I"	105	16	262	100	319	79	294	123	132
"55"	"F117L"	624	435	1126	597	1420	585	1283	800	937
"56"	"F117K"	90	60	401	186	502	95	435	126	261
"57"	"F117M"	34	75	362	324	460	145	417	308	331
"58"	"F117F"	3090988	1936393	2573867	2614601	3129404	3178195	3075285	3093473	3587162
"59"	"F117P"	81	14	284	173	356	14	385	157	139
"60"	"F117S"	551	432	1448	1346	1715	766	1621	1278	1553
"61"	"F117T"	28	18	189	253	270	27	208	255	334
"62"	"F117W"	174	32	383	271	533	25	428	256	243
"63"	"F117Y"	100	56	311	175	373	121	417	147	218
"64"	"F117V"	101	25	275	273	355	79	264	274	176
"65"	"F117X"	0	0	0	0	0	0	2	0	0
"66"	"F117B"	0	0	0	0	0	0	0	0	6
"67"	"R118A"	38	11	229	191	398	13	310	280	319
"68"	"R118R"	3090695	1936456	2575134	2613953	3130841	3178687	3076563	3091749	3586029
"69"	"R118N"	34	55	372	360	474	165	430	473	821
"70"	"R118D"	276	165	489	972	568	89	418	1104	1544
"71"	"R118C"	155	61	371	306	488	270	425	364	343
"72"	"R118E"	104	21	283	435	400	110	400	409	542
"73"	"R118Q"	266	198	585	551	660	302	680	656	715
"74"	"R118G"	696	70	523	794	630	178	588	910	928
"75"	"R118H"	50	98	295	517	451	65	339	396	464
"76"	"R118I"	51	25	283	67	401	51	291	107	51
"77"	"R118L"	233	192	743	397	897	175	932	511	447
"78"	"R118K"	11	35	265	190	338	7	327	228	238
"79"	"R118M"	8	38	315	119	356	190	328	154	155
"80"	"R118F"	31	39	294	88	413	29	350	152	190
"81"	"R118P"	135	25	287	392	363	118	324	349	551
"82"	"R118S"	41	33	268	394	347	34	386	255	312
"83"	"R118T"	67	16	243	147	314	31	255	169	175
"84"	"R118W"	273	196	639	292	713	328	690	336	352
"85"	"R118Y"	135	122	262	98	320	59	341	254	220
"86"	"R118V"	23	20	326	103	467	81	404	203	171
"87"	"R118X"	0	0	1	1	1	0	0	0	2
"88"	"R118B"	0	1	1	1	0	18	0	0	0
"89"	"S119A"	0	0	0	0	0	0	0	0	0
"90"	"S119R"	388	234	487	670	665	499	585	866	814
"91"	"S119N"	226	89	456	296	527	649	511	335	524
"92"	"S119D"	87	74	280	316	263	88	255	200	316
"93"	"S119C"	144	159	369	335	433	233	475	492	641
"94"	"S119E"	43	16	280	258	270	44	304	250	482
"95"	"S119Q"	0	0	0	0	0	0	0	0	0
"96"	"S119G"	579	319	822	774	1065	554	1072	868	934
"97"	"S119H"	14	30	278	118	381	169	334	188	185
"98"	"S119I"	223	135	500	354	708	179	619	415	399
"99"	"S119L"	13	44	333	195	372	139	365	293	340
"100"	"S119K"	340	328	325	470	363	387	318	416	596
"101"	"S119M"	0	20	265	63	271	12	277	82	94
"102"	"S119F"	8	13	296	194	350	67	325	128	238
"103"	"S119P"	24	21	276	206	305	15	326	203	250
"104"	"S119S"	3090953	1936224	2576212	2615277	3132529	3177601	3077717	3093428	3587628
"105"	"S119T"	75	121	286	403	326	154	320	430	619
"106"	"S119W"	43	14	291	81	428	9	346	123	182
"107"	"S119Y"	127	16	152	133	251	29	269	73	79
"108"	"S119V"	35	20	300	225	331	172	363	269	248
"109"	"S119X"	0	0	0	0	2	0	0	0	0
"110"	"S119B"	0	0	0	0	0	0	0	0	0
"111"	"T120A"	370	175	758	370	970	343	866	571	600
"112"	"T120R"	17	10	21	14	9	9	22	12	13
"113"	"T120N"	214	111	314	523	410	88	318	494	491
"114"	"T120D"	20	36	368	330	469	72	460	452	504
"115"	"T120C"	89	34	449	693	665	87	497	795	824
"116"	"T120E"	16	75	454	381	489	151	538	435	456
"117"	"T120Q"	101	47	304	579	388	99	349	585	708
"118"	"T120G"	56	37	289	395	432	68	391	306	434
"119"	"T120H"	59	85	416	499	516	44	425	518	665
"120"	"T120I"	53	11	313	147	329	52	368	88	120
"121"	"T120L"	19	25	271	49	367	46	315	57	63
"122"	"T120K"	188	99	465	485	647	345	569	386	644
"123"	"T120M"	429	163	777	320	955	303	930	376	394
"124"	"T120F"	98	10	339	170	480	142	432	125	144
"125"	"T120P"	41	47	381	269	469	270	414	374	371
"126"	"T120S"	56	40	443	276	553	265	533	335	574
"127"	"T120T"	3091307	1936767	2574782	2614309	3130372	3178294	3076087	3092646	3586887
"128"	"T120W"	45	36	430	144	494	191	565	135	192
"129"	"T120Y"	69	21	316	267	433	32	334	246	262
"130"	"T120V"	74	48	315	148	390	98	368	122	223
"131"	"T120X"	0	0	3	0	2	1	0	0	0
"132"	"T120B"	1	0	0	0	1	0	0	1	0
"133"	"V121A"	399	236	885	444	1084	677	1023	495	544
"134"	"V121R"	0	0	0	0	0	0	0	0	0
"135"	"V121N"	44	10	183	16	245	64	235	12	35
"136"	"V121D"	68	103	410	122	578	91	575	190	95
"137"	"V121C"	0	0	3	0	1	0	0	0	0
"138"	"V121E"	14	2	161	35	233	34	181	22	24
"139"	"V121Q"	110	26	292	49	420	18	378	45	45
"140"	"V121G"	20	27	514	48	567	293	532	73	171
"141"	"V121H"	26	48	192	41	285	37	266	21	22
"142"	"V121I"	255	171	417	454	581	606	508	549	515
"143"	"V121L"	37	120	275	378	392	219	336	735	520
"144"	"V121K"	61	21	284	20	368	41	323	28	22
"145"	"V121M"	83	57	355	242	455	155	357	278	415
"146"	"V121F"	212	165	553	254	693	170	604	414	314
"147"	"V121P"	20	59	193	321	338	68	260	342	345
"148"	"V121S"	67	27	273	42	382	47	331	55	19
"149"	"V121T"	18	1	352	107	437	10	386	175	287
"150"	"V121W"	18	23	335	122	363	20	351	65	64
"151"	"V121Y"	13	25	196	276	271	75	232	129	87
"152"	"V121V"	3091857	1936756	2576334	2617397	3132147	3178375	3077903	3095431	3591045
"153"	"V121X"	0	0	1	0	0	0	0	0	0
"154"	"V121B"	0	0	0	0	0	0	0	0	0
"155"	"K122A"	97	32	327	219	373	96	337	147	124
"156"	"K122R"	394	242	853	1071	1143	374	1072	918	1243
"157"	"K122N"	252	213	642	807	842	313	807	619	921
"158"	"K122D"	9	30	393	62	442	22	434	87	80
"159"	"K122C"	27	64	447	612	489	108	507	499	587
"160"	"K122E"	330	205	906	614	1180	400	1060	802	943
"161"	"K122Q"	90	65	300	383	376	55	389	481	573
"162"	"K122G"	7	9	346	141	427	56	459	197	142
"163"	"K122H"	13	52	248	473	412	43	369	687	536
"164"	"K122I"	102	47	309	265	372	28	413	283	446
"165"	"K122L"	102	163	527	350	631	552	597	478	518
"166"	"K122K"	3091319	1936265	2574237	2613924	3129916	3178219	3075151	3091752	3585953
"167"	"K122M"	62	63	366	187	451	74	519	287	362
"168"	"K122F"	43	34	257	133	273	43	242	246	322
"169"	"K122P"	83	47	521	80	610	50	645	203	113
"170"	"K122S"	27	43	380	131	440	20	367	124	171
"171"	"K122T"	27	72	190	144	311	106	306	210	316
"172"	"K122W"	18	74	371	212	463	26	430	309	371
"173"	"K122Y"	227	20	254	288	281	178	290	357	305
"174"	"K122V"	17	55	248	186	312	121	292	286	423
"175"	"K122X"	0	0	2	0	0	0	0	0	0
"176"	"K122B"	76	82	84	86	96	116	95	87	120
"177"	"Q123A"	113	78	282	162	410	220	381	363	254
"178"	"Q123R"	539	344	1417	1403	1622	545	1638	1141	1434
"179"	"Q123N"	149	18	364	91	471	23	424	144	163
"180"	"Q123D"	62	37	333	197	414	44	482	122	155
"181"	"Q123C"	111	48	403	440	520	130	433	407	586
"182"	"Q123E"	65	63	419	417	498	164	487	789	704
"183"	"Q123Q"	3091348	1936461	2574054	2614060	3129411	3178439	3075221	3091682	3586569
"184"	"Q123G"	95	54	409	296	558	26	497	399	327
"185"	"Q123H"	106	96	397	183	506	160	473	294	263
"186"	"Q123I"	19	15	331	234	453	0	397	239	269
"187"	"Q123L"	80	63	304	197	405	158	379	305	338
"188"	"Q123K"	151	144	497	617	618	287	561	461	568
"189"	"Q123M"	34	50	366	239	466	24	452	323	381
"190"	"Q123F"	99	61	393	250	493	19	423	371	338
"191"	"Q123P"	92	73	408	415	515	285	485	518	489
"192"	"Q123S"	27	44	294	307	425	78	346	363	606
"193"	"Q123T"	21	29	197	205	325	19	259	194	205
"194"	"Q123W"	1	65	403	137	523	86	394	243	215
"195"	"Q123Y"	15	33	227	153	283	19	246	181	161
"196"	"Q123V"	51	18	349	235	489	86	391	386	337
"197"	"Q123X"	144	83	360	130	435	188	412	134	207
"198"	"Q123B"	0	0	1	0	0	0	0	0	0
"199"	"V124A"	343	229	801	318	1043	399	936	359	402
"200"	"V124R"	0	0	1	0	0	0	4	0	0
"201"	"V124N"	24	28	252	80	338	140	302	74	42
"202"	"V124D"	51	62	385	69	451	208	485	44	42
"203"	"V124C"	0	0	0	0	0	0	0	0	0
"204"	"V124E"	95	73	328	111	445	87	401	105	131
"205"	"V124Q"	23	58	291	26	413	52	421	23	82
"206"	"V124G"	32	40	444	71	538	117	518	47	71
"207"	"V124H"	14	19	277	43	374	77	328	47	25
"208"	"V124I"	56	60	361	339	420	33	401	666	585
"209"	"V124L"	296	112	567	386	745	405	687	385	448
"210"	"V124K"	13	11	303	24	319	0	347	41	39
"211"	"V124M"	117	75	308	144	404	113	385	123	125
"212"	"V124F"	33	93	338	58	494	89	425	38	41
"213"	"V124P"	100	11	335	70	487	58	440	118	56
"214"	"V124S"	45	15	327	64	390	17	360	38	27
"215"	"V124T"	51	23	346	125	452	61	444	51	121
"216"	"V124W"	43	26	435	39	645	118	587	78	35
"217"	"V124Y"	2	8	282	27	356	3	324	46	33
"218"	"V124V"	3091984	1936934	2575825	2618374	3131523	3179023	3076985	3096776	3592264
"219"	"V124X"	0	0	2	0	1	0	0	0	0
"220"	"V124B"	0	0	0	0	2	0	1	0	0
"221"	"D125A"	183	10	401	78	541	74	459	60	70
"222"	"D125R"	43	60	424	5	459	18	480	47	73
"223"	"D125N"	146	284	368	345	572	406	490	387	568
"224"	"D125D"	3090827	1936328	2573322	2617922	3128316	3178080	3073452	3096476	3591349
"225"	"D125C"	38	21	477	66	636	124	504	66	88
"226"	"D125E"	199	163	671	435	932	406	877	526	622
"227"	"D125Q"	66	9	346	108	483	184	517	73	108
"228"	"D125G"	415	343	1071	383	1345	399	1258	464	534
"229"	"D125H"	48	53	381	60	491	77	488	94	51
"230"	"D125I"	25	23	466	92	556	99	707	89	73
"231"	"D125L"	17	52	348	49	469	16	520	28	32
"232"	"D125K"	531	89	578	218	647	76	806	87	153
"233"	"D125M"	59	41	353	7	429	51	443	47	47
"234"	"D125F"	80	19	434	48	463	60	474	23	66
"235"	"D125P"	128	64	404	96	576	26	566	88	187
"236"	"D125S"	36	80	284	83	450	59	403	76	79
"237"	"D125T"	98	15	371	55	499	183	409	40	66
"238"	"D125W"	92	34	673	60	743	210	760	78	114
"239"	"D125Y"	237	127	519	179	786	263	728	231	223
"240"	"D125V"	54	62	317	78	443	189	435	79	66
"241"	"D125X"	0	0	0	1	1	0	4	0	0
"242"	"D125B"	0	0	0	0	3	0	1	0	0
"243"	"F126A"	5	23	366	17	505	39	479	22	58
"244"	"F126R"	7	15	420	14	450	201	472	16	24
"245"	"F126N"	23	8	341	48	491	64	455	50	54
"246"	"F126D"	35	19	552	61	594	52	688	49	78
"247"	"F126C"	35	91	454	63	585	66	619	85	62
"248"	"F126E"	12	59	457	31	565	16	523	62	81
"249"	"F126Q"	59	22	359	42	500	16	497	92	33
"250"	"F126G"	376	83	631	74	822	10	882	55	33
"251"	"F126H"	66	21	296	25	428	48	356	42	49
"252"	"F126I"	109	44	294	66	385	99	366	120	94
"253"	"F126L"	235	189	522	208	673	416	619	253	307
"254"	"F126K"	94	20	433	61	559	236	501	96	37
"255"	"F126M"	41	41	355	21	416	31	451	55	44
"256"	"F126F"	3091493	1936883	2573891	2618953	3129161	3178858	3074276	3097173	3592824
"257"	"F126P"	37	28	441	59	593	22	567	32	50
"258"	"F126S"	489	212	880	330	1174	596	1035	398	408
"259"	"F126T"	33	13	272	21	368	0	285	38	12
"260"	"F126W"	76	48	322	21	414	27	415	104	73
"261"	"F126Y"	54	33	418	185	559	43	629	224	162
"262"	"F126V"	43	25	503	68	597	160	666	93	86
"263"	"F126X"	0	0	1	0	0	0	0	0	0
"264"	"F126B"	0	0	0	0	1	0	0	0	0
"265"	"S127A"	354	91	337	326	433	170	468	473	697
"266"	"S127R"	193	91	351	477	459	394	450	540	579
"267"	"S127N"	51	101	360	622	512	258	449	912	797
"268"	"S127D"	41	93	485	356	631	128	580	404	456
"269"	"S127C"	32	46	243	236	309	34	308	259	321
"270"	"S127E"	117	146	413	709	545	261	464	737	921
"271"	"S127Q"	0	1	1	0	0	0	0	0	0
"272"	"S127G"	222	58	360	559	475	111	463	396	496
"273"	"S127H"	0	0	0	0	0	0	0	0	0
"274"	"S127I"	129	54	329	265	410	41	394	200	328
"275"	"S127L"	276	160	557	471	707	353	719	564	716
"276"	"S127K"	229	234	407	646	518	85	442	821	1002
"277"	"S127M"	46	165	369	443	433	89	425	640	490
"278"	"S127F"	157	29	226	181	242	45	262	157	263
"279"	"S127P"	395	272	1506	552	1666	547	1581	453	551
"280"	"S127S"	3090519	1935948	2574130	2613020	3130039	3177882	3075255	3090702	3584602
"281"	"S127T"	147	72	297	383	382	177	330	491	472
"282"	"S127W"	54	57	304	226	378	27	373	307	522
"283"	"S127Y"	55	37	294	350	326	91	339	393	454
"284"	"S127V"	38	73	616	349	644	91	724	412	755
"285"	"S127X"	267	148	623	197	731	216	754	197	145
"286"	"S127B"	0	1	0	0	0	0	1	1	2
"287"	"E128A"	47	22	362	123	431	55	383	79	136
"288"	"E128R"	4	5	350	171	366	177	365	84	127
"289"	"E128N"	42	65	294	329	363	119	350	331	374
"290"	"E128D"	246	399	976	794	1050	883	1058	1155	1289
"291"	"E128C"	77	76	317	173	512	95	496	277	239
"292"	"E128E"	3091490	1936348	2573956	2616093	3130168	3177815	3075425	3094364	3589196
"293"	"E128Q"	61	48	467	330	513	169	469	282	467
"294"	"E128G"	471	275	867	323	919	529	877	519	544
"295"	"E128H"	121	51	378	171	447	124	517	224	317
"296"	"E128I"	152	121	569	148	595	187	696	124	162
"297"	"E128L"	63	27	342	141	397	87	344	107	106
"298"	"E128K"	135	58	444	375	539	80	484	269	227
"299"	"E128M"	7	4	287	96	343	15	336	121	89
"300"	"E128F"	18	33	574	164	624	129	684	66	151
"301"	"E128P"	49	44	297	34	407	9	367	92	157
"302"	"E128S"	0	0	1	5	3	0	1	0	0
"303"	"E128T"	15	41	266	91	310	85	276	73	86
"304"	"E128W"	17	0	310	54	380	76	361	77	32
"305"	"E128Y"	38	10	355	93	412	75	405	95	80
"306"	"E128V"	130	79	458	157	635	129	517	185	212
"307"	"E128X"	0	10	1	1	0	0	0	0	0
"308"	"E128B"	139	161	337	502	426	162	370	535	578
"309"	"V129A"	381	246	582	689	784	675	683	783	787
"310"	"V129R"	0	0	0	2	3	0	0	0	0
"311"	"V129N"	68	32	258	291	352	94	314	373	390
"312"	"V129D"	153	76	412	334	478	91	432	565	493
"313"	"V129C"	0	0	0	0	0	0	0	0	0
"314"	"V129E"	92	63	292	352	373	139	312	512	572
"315"	"V129Q"	76	102	267	465	389	39	353	382	451
"316"	"V129G"	79	64	328	426	416	156	414	367	692
"317"	"V129H"	71	78	311	513	401	63	367	578	482
"318"	"V129I"	51	29	287	138	337	165	359	172	360
"319"	"V129L"	156	110	538	297	660	235	667	397	327
"320"	"V129K"	47	273	310	358	327	32	348	820	619
"321"	"V129M"	225	71	317	278	423	238	364	296	313
"322"	"V129F"	116	16	302	174	373	28	359	171	298
"323"	"V129P"	208	128	374	724	503	130	483	1208	838
"324"	"V129S"	69	105	295	487	375	385	341	567	838
"325"	"V129T"	87	32	318	383	379	50	354	466	589
"326"	"V129W"	35	23	320	157	428	117	376	138	152
"327"	"V129Y"	156	60	317	329	387	120	400	492	549
"328"	"V129V"	3091252	1936369	2576379	2613970	3132451	3178243	3077852	3090772	3585819
"329"	"V129X"	0	0	1	0	1	0	3	0	0
"330"	"V129B"	0	0	0	1	0	0	0	0	0
"331"	"E130A"	15	73	323	80	402	77	366	160	125
"332"	"E130R"	15	26	307	108	422	61	419	51	124
"333"	"E130N"	29	60	270	114	384	20	321	138	299
"334"	"E130D"	449	220	675	852	800	578	791	1096	830
"335"	"E130C"	206	46	522	162	584	12	624	294	266
"336"	"E130E"	3090763	1936270	2573910	2616265	3129582	3177984	3074674	3094455	3589685
"337"	"E130Q"	60	30	502	147	574	74	547	245	296
"338"	"E130G"	635	340	867	741	1091	577	1059	719	797
"339"	"E130H"	81	136	481	244	548	519	588	239	366
"340"	"E130I"	27	14	266	126	327	40	402	76	83
"341"	"E130L"	42	30	363	82	475	103	485	109	73
"342"	"E130K"	166	43	383	158	520	116	491	140	231
"343"	"E130M"	36	63	407	153	439	44	476	130	75
"344"	"E130F"	28	89	361	127	523	127	479	82	89
"345"	"E130P"	94	53	311	212	425	130	430	206	235
"346"	"E130S"	0	0	1	0	1	0	0	0	0
"347"	"E130T"	76	91	381	116	450	38	399	102	129
"348"	"E130W"	188	20	416	42	480	42	513	112	95
"349"	"E130Y"	63	24	400	96	498	42	441	125	102
"350"	"E130V"	154	89	447	163	557	129	528	185	202
"351"	"E130X"	0	0	1	0	0	0	0	0	0
"352"	"E130B"	195	160	614	380	758	287	748	395	467
"353"	"R131A"	212	57	278	298	369	219	351	286	450
"354"	"R131R"	3091145	1936493	2575809	2613552	3131603	3178325	3076984	3090823	3585457
"355"	"R131N"	200	28	300	404	311	90	279	612	472
"356"	"R131D"	0	0	0	0	0	0	0	0	0
"357"	"R131C"	11	65	291	225	421	76	385	250	301
"358"	"R131E"	79	92	303	371	374	48	320	542	479
"359"	"R131Q"	0	0	0	0	0	0	1	0	0
"360"	"R131G"	353	225	668	1009	779	406	717	1006	962
"361"	"R131H"	62	35	379	390	470	232	441	556	529
"362"	"R131I"	179	178	566	369	775	223	711	530	488
"363"	"R131L"	25	40	300	303	404	61	405	268	300
"364"	"R131K"	141	84	306	346	434	99	408	349	416
"365"	"R131M"	234	58	313	316	439	118	348	419	552
"366"	"R131F"	111	42	506	229	613	108	568	162	245
"367"	"R131P"	191	101	386	370	590	146	600	343	328
"368"	"R131S"	147	126	532	642	549	357	621	1061	980
"369"	"R131T"	43	60	313	516	411	70	418	439	615
"370"	"R131W"	63	34	270	118	369	76	397	113	151
"371"	"R131Y"	22	62	321	498	432	223	375	651	899
"372"	"R131V"	51	58	335	358	428	55	387	595	893
"373"	"R131X"	53	39	32	54	69	68	65	54	52
"374"	"R131B"	0	0	0	0	0	0	0	0	0
"375"	"A132A"	3089764	1936284	2574224	2617407	3130214	3177239	3075315	3095777	3590924
"376"	"A132R"	27	31	220	12	310	17	248	61	55
"377"	"A132N"	8	0	191	48	246	186	226	28	20
"378"	"A132D"	180	107	478	142	538	307	537	139	225
"379"	"A132C"	31	21	257	49	324	64	342	156	162
"380"	"A132E"	403	50	424	128	523	103	503	70	114
"381"	"A132Q"	110	26	376	57	435	38	450	75	30
"382"	"A132G"	70	42	306	95	421	98	383	74	110
"383"	"A132H"	225	30	305	38	326	77	347	48	27
"384"	"A132I"	101	49	371	62	414	120	478	48	81
"385"	"A132L"	14	25	310	28	238	50	349	28	33
"386"	"A132K"	565	123	557	77	726	433	668	83	132
"387"	"A132M"	5	10	153	14	148	28	194	7	34
"388"	"A132F"	70	3	294	64	342	142	325	53	17
"389"	"A132P"	85	43	334	73	422	107	379	84	111
"390"	"A132S"	436	263	627	789	869	463	772	874	858
"391"	"A132T"	205	142	514	346	560	202	470	372	380
"392"	"A132W"	31	16	388	31	446	56	443	48	37
"393"	"A132Y"	5	6	324	75	402	418	421	42	19
"394"	"A132V"	987	606	1553	833	1935	852	1930	992	1200
"395"	"A132X"	0	0	2	0	1	0	1	0	0
"396"	"A132B"	0	0	0	0	0	0	0	0	0
"397"	"R133A"	20	6	214	44	264	1	224	86	86
"398"	"R133R"	3092007	1936760	2577227	2617933	3133650	3178791	3078883	3096567	3591275
"399"	"R133N"	94	77	278	207	299	198	282	99	180
"400"	"R133D"	0	0	0	0	0	0	0	0	0
"401"	"R133C"	24	22	196	73	257	39	230	84	97
"402"	"R133E"	54	51	198	150	286	8	272	174	258
"403"	"R133Q"	0	0	0	2	0	0	0	0	0
"404"	"R133G"	463	286	792	414	1040	432	896	545	509
"405"	"R133H"	70	52	236	111	356	181	304	131	315
"406"	"R133I"	252	162	557	412	660	386	620	265	273
"407"	"R133L"	21	17	293	97	379	2	436	96	84
"408"	"R133K"	89	90	202	129	305	106	268	112	164
"409"	"R133M"	7	14	186	41	210	0	236	55	108
"410"	"R133F"	11	18	238	25	330	27	279	38	66
"411"	"R133P"	33	23	242	87	350	116	327	40	42
"412"	"R133S"	62	57	246	184	261	189	235	156	203
"413"	"R133T"	39	69	226	189	291	91	252	442	667
"414"	"R133W"	10	55	391	68	422	140	499	19	31
"415"	"R133Y"	24	40	249	99	269	118	296	56	77
"416"	"R133V"	1	8	161	50	147	60	170	62	82
"417"	"R133X"	41	70	76	53	64	115	72	32	52
"418"	"R133B"	0	0	0	0	0	0	0	0	0
"419"	"F134A"	24	21	248	630	406	61	335	413	332
"420"	"F134R"	60	34	375	299	441	165	487	288	269
"421"	"F134N"	84	54	256	400	331	71	333	312	274
"422"	"F134D"	44	36	395	352	372	26	346	299	349
"423"	"F134C"	96	30	373	421	442	98	408	485	498
"424"	"F134E"	35	63	494	808	468	242	526	605	785
"425"	"F134Q"	74	30	306	267	349	182	336	297	298
"426"	"F134G"	41	105	342	371	384	141	446	530	672
"427"	"F134H"	56	43	281	329	431	163	428	299	265
"428"	"F134I"	45	21	271	236	325	143	294	216	294
"429"	"F134L"	587	476	750	727	981	646	852	689	808
"430"	"F134K"	14	17	293	259	348	58	302	259	337
"431"	"F134M"	9	26	199	215	255	76	202	275	217
"432"	"F134F"	3090008	1935355	2574725	2612555	3131021	3176067	3076080	3091256	3585606
"433"	"F134P"	48	54	280	17	322	56	290	52	72
"434"	"F134S"	408	261	866	806	1087	570	947	1090	1019
"435"	"F134T"	1259	946	314	471	375	1386	284	440	716
"436"	"F134W"	38	76	338	387	391	147	421	463	610
"437"	"F134Y"	198	114	400	439	514	364	554	402	617
"438"	"F134V"	194	115	701	378	596	338	908	389	530
"439"	"F134X"	0	0	1	1	0	0	2	0	0
"440"	"F134B"	0	0	0	0	1	0	0	0	1
"441"	"I135A"	291	25	304	238	391	105	352	467	321
"442"	"I135R"	30	7	287	129	425	60	310	243	177
"443"	"I135N"	112	96	345	241	415	173	383	256	375
"444"	"I135D"	0	0	0	0	0	0	0	0	0
"445"	"I135C"	44	27	303	414	370	65	323	342	462
"446"	"I135E"	73	61	364	834	492	43	385	981	1237
"447"	"I135Q"	89	112	663	824	789	438	806	732	703
"448"	"I135G"	267	170	753	359	873	158	926	222	346
"449"	"I135H"	0	0	0	0	0	0	0	0	0
"450"	"I135I"	3091317	1936508	2575529	2614581	3131484	3178481	3076816	3092055	3586335
"451"	"I135L"	116	27	346	324	419	33	440	341	592
"452"	"I135K"	55	39	298	111	352	195	312	149	178
"453"	"I135M"	127	78	380	333	477	85	474	370	406
"454"	"I135F"	75	97	315	376	392	98	271	490	745
"455"	"I135P"	33	13	289	43	380	62	376	73	49
"456"	"I135S"	80	76	337	243	398	103	453	269	247
"457"	"I135T"	272	209	568	538	722	409	730	954	1128
"458"	"I135W"	22	29	357	197	436	41	382	173	252
"459"	"I135Y"	0	0	0	0	0	0	0	0	0
"460"	"I135V"	319	303	769	583	1023	451	1040	941	1015
"461"	"I135X"	0	0	1	0	2	0	2	1	1
"462"	"I135B"	0	0	0	0	0	0	0	0	0
"463"	"I136A"	42	25	290	22	289	6	310	45	27
"464"	"I136R"	6	31	223	69	350	16	362	41	15
"465"	"I136N"	164	100	284	81	410	133	415	110	86
"466"	"I136D"	0	0	0	0	0	0	0	0	0
"467"	"I136C"	114	23	326	25	419	114	376	84	64
"468"	"I136E"	60	40	409	46	475	36	454	64	62
"469"	"I136Q"	95	12	262	44	437	66	390	49	57
"470"	"I136G"	22	37	334	57	435	174	343	73	63
"471"	"I136H"	0	0	0	0	1	0	0	0	0
"472"	"I136I"	3091801	1937012	2575746	2618524	3132188	3179335	3076979	3097063	3592373
"473"	"I136L"	40	10	316	109	442	62	393	91	85
"474"	"I136K"	67	69	1368	109	1029	64	1486	54	142
"475"	"I136M"	34	12	274	138	355	59	353	151	245
"476"	"I136F"	78	35	204	63	283	93	258	72	83
"477"	"I136P"	46	3	282	25	347	26	351	50	37
"478"	"I136S"	85	8	325	63	428	66	373	33	29
"479"	"I136T"	295	201	644	409	768	332	773	350	448
"480"	"I136W"	63	20	371	52	464	63	443	48	111
"481"	"I136Y"	0	0	0	0	0	0	0	0	0
"482"	"I136V"	310	239	550	532	712	355	716	678	642
"483"	"I136X"	0	0	0	0	3	0	5	3	0
"484"	"I136B"	0	0	0	0	5	0	1	0	0
"485"	"N137A"	22	8	273	36	305	36	333	58	63
"486"	"N137R"	24	30	243	38	344	34	328	36	52
"487"	"N137N"	3090389	1936256	2573720	2617544	3129341	3177730	3074019	3096275	3591136
"488"	"N137D"	697	440	1860	816	2228	673	2197	751	988
"489"	"N137C"	11	13	216	38	309	11	324	19	42
"490"	"N137E"	62	42	240	59	295	115	305	75	93
"491"	"N137Q"	61	47	368	42	453	116	393	71	70
"492"	"N137G"	1	7	268	63	363	1	318	47	47
"493"	"N137H"	150	191	488	124	637	99	702	181	145
"494"	"N137I"	1045	419	1230	796	1606	1323	1960	796	1020
"495"	"N137L"	9	14	324	47	425	49	406	53	103
"496"	"N137K"	55	25	275	80	355	63	336	129	86
"497"	"N137M"	32	6	267	64	308	51	319	19	85
"498"	"N137F"	13	10	255	38	349	92	341	22	35
"499"	"N137P"	309	24	387	70	420	36	413	52	59
"500"	"N137S"	250	177	486	272	618	267	576	241	312
"501"	"N137T"	31	52	162	67	204	93	216	37	50
"502"	"N137W"	8	29	353	24	406	38	413	63	76
"503"	"N137Y"	49	46	396	85	469	81	430	94	55
"504"	"N137V"	104	41	397	65	404	92	450	40	52
"505"	"N137X"	0	0	0	0	1	0	2	0	0
"506"	"N137B"	0	0	0	0	0	0	0	0	0
"507"	"D138A"	82	60	307	212	385	236	415	184	191
"508"	"D138R"	75	41	525	300	680	141	572	274	340
"509"	"D138N"	228	145	533	380	604	237	593	495	595
"510"	"D138D"	3090677	1936025	2574958	2616101	3130577	3177861	3075896	3094465	3588651
"511"	"D138C"	186	51	261	143	365	70	350	242	511
"512"	"D138E"	160	222	504	523	809	276	580	686	703
"513"	"D138Q"	22	30	294	206	382	51	360	259	291
"514"	"D138G"	583	496	867	618	1156	833	1163	614	928
"515"	"D138H"	41	75	265	220	324	115	353	143	196
"516"	"D138I"	62	3	183	23	246	28	309	58	99
"517"	"D138L"	70	6	243	62	282	66	235	123	69
"518"	"D138K"	130	114	372	201	434	63	426	221	201
"519"	"D138M"	18	13	216	35	244	37	216	128	122
"520"	"D138F"	21	8	250	78	342	129	326	50	135
"521"	"D138P"	7	56	242	29	386	104	392	43	14
"522"	"D138S"	70	7	272	244	284	52	310	145	226
"523"	"D138T"	24	79	267	149	328	31	281	231	174
"524"	"D138W"	109	86	381	92	426	101	368	142	357
"525"	"D138Y"	184	166	632	334	804	323	877	330	382
"526"	"D138V"	573	194	635	418	778	246	756	226	384
"527"	"D138X"	0	0	1	0	4	0	3	0	0
"528"	"D138B"	0	0	0	0	0	0	0	0	0
"529"	"W139A"	427	368	1375	1030	1199	933	1541	441	848
"530"	"W139R"	766	423	1420	587	1952	959	1813	783	717
"531"	"W139N"	194	87	327	49	434	49	452	264	260
"532"	"W139D"	22	60	336	105	463	106	409	172	184
"533"	"W139C"	323	201	650	419	808	288	710	371	403
"534"	"W139E"	79	40	336	217	419	42	384	207	263
"535"	"W139Q"	63	50	344	51	428	87	422	123	143
"536"	"W139G"	83	132	621	148	767	379	750	122	136
"537"	"W139H"	319	389	514	1235	582	348	555	1704	2424
"538"	"W139I"	168	153	407	218	431	435	413	200	375
"539"	"W139L"	470	343	1155	649	1056	326	1207	505	665
"540"	"W139K"	34	36	293	29	364	98	405	55	53
"541"	"W139M"	69	88	410	203	515	41	451	229	265
"542"	"W139F"	224	191	322	779	428	111	443	725	890
"543"	"W139P"	89	43	377	24	471	86	486	50	59
"544"	"W139S"	76	23	335	115	407	176	404	77	202
"545"	"W139T"	198	59	330	189	409	94	423	153	219
"546"	"W139W"	3088463	1934311	2570613	2612733	3126120	3174894	3071179	3090836	3584426
"547"	"W139Y"	366	278	266	677	367	265	380	958	934
"548"	"W139V"	321	198	402	285	506	631	464	425	289
"549"	"W139X"	258	125	608	192	684	125	648	230	279
"550"	"W139B"	310	279	767	434	1030	527	842	429	535
"551"	"V140A"	398	211	610	417	774	427	747	481	514
"552"	"V140R"	0	0	0	0	1	0	0	0	0
"553"	"V140N"	57	15	336	48	353	62	321	18	44
"554"	"V140D"	3	199	401	92	549	393	455	46	112
"555"	"V140C"	0	0	0	0	0	0	0	0	0
"556"	"V140E"	112	111	307	102	392	199	360	116	147
"557"	"V140Q"	29	31	248	34	355	54	337	114	106
"558"	"V140G"	45	89	390	145	501	42	470	72	184
"559"	"V140H"	78	84	496	113	470	113	486	134	138
"560"	"V140I"	26	19	175	70	208	43	195	83	84
"561"	"V140L"	166	158	579	319	727	365	771	257	279
"562"	"V140K"	4	2	208	7	214	9	248	14	26
"563"	"V140M"	448	126	574	245	634	158	670	256	305
"564"	"V140F"	56	37	444	69	529	34	556	126	121
"565"	"V140P"	8	28	227	65	374	154	313	28	36
"566"	"V140S"	64	22	410	99	500	113	515	104	112
"567"	"V140T"	189	35	211	74	228	71	244	83	92
"568"	"V140W"	58	25	316	30	421	4	376	36	49
"569"	"V140Y"	161	32	425	57	474	65	555	118	63
"570"	"V140V"	3091420	1936653	2575851	2618382	3132136	3178694	3077162	3096973	3592157
"571"	"V140X"	0	0	0	0	0	0	0	0	0
"572"	"V140B"	0	0	0	0	0	0	0	0	0
"573"	"K141A"	16	67	281	314	369	48	379	451	388
"574"	"K141R"	539	362	923	906	1107	873	1125	932	1115
"575"	"K141N"	304	234	648	763	861	608	787	809	1091
"576"	"K141D"	159	244	544	330	585	210	614	339	830
"577"	"K141C"	85	44	300	229	424	37	385	271	381
"578"	"K141E"	983	446	1268	1176	1545	803	1675	1448	1629
"579"	"K141Q"	16	111	311	256	418	200	422	442	415
"580"	"K141G"	71	52	252	153	359	72	369	242	219
"581"	"K141H"	151	100	401	433	482	368	495	530	467
"582"	"K141I"	61	60	471	99	512	149	560	160	175
"583"	"K141L"	149	16	349	290	435	123	520	297	413
"584"	"K141K"	3089820	1935387	2572831	2612669	3128529	3175314	3072954	3090368	3584141
"585"	"K141M"	140	93	352	438	403	106	367	526	469
"586"	"K141F"	66	103	409	288	497	120	468	345	470
"587"	"K141P"	229	76	877	191	883	1336	1098	141	221
"588"	"K141S"	53	91	408	475	443	95	453	314	551
"589"	"K141T"	119	44	333	363	443	65	464	369	451
"590"	"K141W"	42	49	214	148	342	19	288	263	178
"591"	"K141Y"	81	104	390	394	425	199	477	460	464
"592"	"K141V"	174	134	581	359	701	160	798	294	402
"593"	"K141X"	0	0	0	0	1	0	2	0	0
"594"	"K141B"	64	60	65	94	76	95	81	58	99
"595"	"T142A"	557	369	1323	1170	1569	1005	1714	1225	1429
"596"	"T142R"	76	26	398	303	533	112	464	881	847
"597"	"T142N"	68	74	272	324	285	75	328	504	408
"598"	"T142D"	59	60	339	275	420	59	437	276	330
"599"	"T142C"	26	45	420	438	447	89	462	434	582
"600"	"T142E"	102	99	301	392	433	73	395	381	536
"601"	"T142Q"	0	0	0	0	0	0	0	0	0
"602"	"T142G"	158	38	421	333	516	300	516	469	644
"603"	"T142H"	0	0	0	0	0	0	0	0	0
"604"	"T142I"	159	124	409	380	513	324	563	371	431
"605"	"T142L"	42	97	297	238	320	98	367	276	320
"606"	"T142K"	299	221	511	559	710	212	607	590	616
"607"	"T142M"	61	29	276	258	417	81	416	185	328
"608"	"T142F"	182	76	439	499	582	88	475	752	1004
"609"	"T142P"	75	46	377	66	417	85	349	51	106
"610"	"T142S"	144	128	349	312	430	121	394	458	540
"611"	"T142T"	3091050	1936192	2575049	2613901	3130911	3177953	3075989	3091235	3585316
"612"	"T142W"	54	37	339	248	437	124	450	272	323
"613"	"T142Y"	78	73	375	329	507	136	463	393	379
"614"	"T142V"	132	143	312	342	391	6	389	306	419
"615"	"T142X"	0	0	1	1	2	54	2	0	0
"616"	"T142B"	0	0	0	0	0	5	1	0	11
"617"	"H143A"	0	0	0	0	0	0	0	0	0
"618"	"H143R"	4363	323	1016	994	1306	571	1265	1117	1431
"619"	"H143N"	167	168	410	691	551	183	555	644	766
"620"	"H143D"	177	218	301	124	408	575	343	291	315
"621"	"H143C"	968	201	263	450	354	496	361	614	586
"622"	"H143E"	63	97	299	550	353	62	335	712	687
"623"	"H143Q"	220	165	397	592	563	273	508	643	653
"624"	"H143G"	69	61	358	443	427	76	433	494	565
"625"	"H143H"	3086128	1936000	2575509	2615107	3131169	3177594	3076554	3092569	3587021
"626"	"H143I"	166	19	307	72	369	41	344	14	78
"627"	"H143L"	127	145	355	86	435	80	414	87	173
"628"	"H143K"	185	119	322	232	422	136	365	393	518
"629"	"H143M"	19	23	383	181	457	410	501	146	188
"630"	"H143F"	18	13	239	47	337	11	349	22	83
"631"	"H143P"	82	42	392	78	431	41	410	141	78
"632"	"H143S"	55	48	286	210	348	56	306	250	510
"633"	"H143T"	273	98	248	209	376	113	324	269	478
"634"	"H143W"	21	18	273	67	379	12	331	106	68
"635"	"H143Y"	174	99	459	138	647	155	583	378	226
"636"	"H143V"	47	20	391	97	505	115	500	168	145
"637"	"H143X"	0	0	0	0	3	0	0	1	0
"638"	"H143B"	0	0	0	0	0	0	0	0	0
"639"	"T144A"	436	209	772	241	992	319	881	328	329
"640"	"T144R"	158	95	598	137	736	427	772	133	162
"641"	"T144N"	46	69	322	36	435	132	423	78	187
"642"	"T144D"	90	42	489	53	677	139	584	84	144
"643"	"T144C"	91	34	405	63	423	37	474	51	133
"644"	"T144E"	92	58	304	42	512	6	354	63	67
"645"	"T144Q"	0	0	0	0	0	0	0	0	0
"646"	"T144G"	62	58	385	64	432	40	409	95	87
"647"	"T144H"	0	0	0	0	0	0	0	0	0
"648"	"T144I"	263	93	542	127	651	318	652	141	167
"649"	"T144L"	136	189	3170	252	2240	628	3168	190	265
"650"	"T144K"	144	128	365	134	550	147	424	133	172
"651"	"T144M"	216	117	266	93	287	168	325	80	61
"652"	"T144F"	80	52	321	80	503	10	467	25	32
"653"	"T144P"	49	27	286	47	418	21	338	29	24
"654"	"T144S"	152	50	334	196	385	152	408	183	199
"655"	"T144T"	3091164	1936510	2572529	2618613	3129168	3178069	3073744	3097291	3592362
"656"	"T144W"	33	28	379	39	492	65	499	41	76
"657"	"T144Y"	14	15	350	27	464	210	357	78	60
"658"	"T144V"	96	103	389	121	472	112	495	36	42
"659"	"T144X"	0	0	2	3	3	0	7	0	0
"660"	"T144B"	0	0	0	0	0	0	0	0	0
