	"Variants"	"4640-LH-1_ACAGTG"	"4640-LH-1_ACTTGA"	"4640-LH-1_ATCACG"	"4640-LH-1_CAGATC"	"4640-LH-1_CGATGT"	"4640-LH-1_CTTGTA"	"4640-LH-1_GCCAAT"	"4640-LH-1_TGACCA"	"4640-LH-1_TTAGGC"
"1"	"N209A"	41	48	383	349	492	54	432	303	382
"2"	"N209R"	42	37	299	216	414	140	353	203	116
"3"	"N209N"	4446948	2039348	2928842	3172174	3941692	3166311	3379459	3923240	3484821
"4"	"N209D"	548	250	834	587	1142	503	1078	799	648
"5"	"N209C"	130	22	180	131	222	41	190	238	109
"6"	"N209E"	62	27	306	91	460	43	314	172	122
"7"	"N209Q"	107	17	469	204	581	9	506	259	214
"8"	"N209G"	45	62	356	355	499	78	420	426	404
"9"	"N209H"	23	41	297	118	408	46	345	151	148
"10"	"N209I"	197	78	830	317	797	123	932	213	243
"11"	"N209L"	52	134	468	192	539	138	528	370	402
"12"	"N209K"	436	134	662	395	911	268	709	452	366
"13"	"N209M"	368	2	278	105	300	24	325	236	91
"14"	"N209F"	35	76	236	232	336	32	338	272	178
"15"	"N209P"	53	70	430	222	557	46	423	259	208
"16"	"N209S"	512	212	640	561	718	527	707	722	633
"17"	"N209T"	114	38	372	101	564	8	408	104	104
"18"	"N209W"	24	64	356	233	493	81	463	228	225
"19"	"N209Y"	144	145	274	219	392	110	350	345	292
"20"	"N209V"	29	15	297	67	381	102	354	145	42
"21"	"N209X"	0	0	3	0	4	0	3	3	0
"22"	"N209B"	0	0	0	0	0	0	0	0	0
"23"	"Y210A"	189	135	567	355	809	163	565	303	369
"24"	"Y210R"	645	28	300	181	428	1	296	462	361
"25"	"Y210N"	140	97	450	168	637	316	613	129	66
"26"	"Y210D"	69	53	477	39	693	114	499	102	95
"27"	"Y210C"	641	310	723	789	1110	222	1087	701	854
"28"	"Y210E"	75	29	710	343	914	37	837	331	266
"29"	"Y210Q"	139	53	477	278	682	7	524	166	234
"30"	"Y210G"	687	29	457	129	586	69	544	176	132
"31"	"Y210H"	492	285	1000	622	1266	432	1155	995	1005
"32"	"Y210I"	216	456	459	580	656	109	539	608	382
"33"	"Y210L"	3352	1086	625	740	830	1532	697	1087	846
"34"	"Y210K"	719	628	499	779	672	615	567	672	544
"35"	"Y210M"	0	0	0	0	0	0	0	0	0
"36"	"Y210F"	168	98	389	445	498	187	384	476	408
"37"	"Y210P"	68	55	516	98	702	15	596	98	73
"38"	"Y210S"	28	25	297	171	480	111	405	424	357
"39"	"Y210T"	675	8	487	530	604	64	562	432	369
"40"	"Y210W"	11	89	516	442	669	94	562	398	540
"41"	"Y210Y"	4441421	2037266	2927487	3169582	3939094	3164387	3377717	3920892	3482259
"42"	"Y210V"	119	69	342	557	507	167	433	651	550
"43"	"Y210X"	43	20	23	20	44	35	41	31	23
"44"	"Y210B"	13	1	11	21	21	7	14	6	15
"45"	"T211A"	786	510	1030	967	1442	643	1153	1644	1389
"46"	"T211R"	96	108	518	432	645	164	586	388	357
"47"	"T211N"	206	100	372	333	612	187	466	530	381
"48"	"T211D"	26	15	385	74	531	33	476	210	325
"49"	"T211C"	85	71	483	486	722	128	560	505	449
"50"	"T211E"	13	43	363	175	448	167	467	180	196
"51"	"T211Q"	85	74	649	578	900	159	796	418	427
"52"	"T211G"	342	211	642	1028	868	133	744	1323	919
"53"	"T211H"	141	63	450	311	605	27	558	591	295
"54"	"T211I"	214	86	368	182	592	136	466	332	383
"55"	"T211L"	0	0	7	9	13	0	3	0	5
"56"	"T211K"	128	30	488	209	625	104	522	310	278
"57"	"T211M"	200	82	398	242	440	102	397	223	215
"58"	"T211F"	316	47	451	568	530	93	436	393	435
"59"	"T211P"	91	60	595	81	837	104	694	117	61
"60"	"T211S"	675	110	448	347	579	260	531	482	444
"61"	"T211T"	4446168	2038905	2927217	3169853	3939174	3165900	3377318	3920244	3482189
"62"	"T211W"	93	131	563	241	763	67	678	254	226
"63"	"T211Y"	96	31	355	238	547	110	471	399	285
"64"	"T211V"	149	143	1030	515	1024	167	1315	597	489
"65"	"T211X"	0	0	0	0	3	0	0	0	0
"66"	"T211B"	0	0	0	0	2	0	0	0	0
"67"	"E212A"	155	210	316	465	465	214	369	439	490
"68"	"E212R"	2228	754	306	497	407	878	360	583	522
"69"	"E212N"	187	167	219	300	335	310	229	467	461
"70"	"E212D"	820	560	1271	2069	1500	1111	1419	1577	1213
"71"	"E212C"	130	404	340	401	496	207	400	537	274
"72"	"E212E"	4436709	2034832	2928132	3163286	3940334	3159778	3378685	3915358	3477271
"73"	"E212Q"	1888	601	412	1187	524	1927	457	1210	969
"74"	"E212G"	692	353	682	766	932	587	698	1014	872
"75"	"E212H"	197	93	281	397	415	187	349	499	527
"76"	"E212I"	206	106	551	579	651	153	688	391	367
"77"	"E212L"	122	59	359	572	478	118	469	458	560
"78"	"E212K"	2735	614	603	1018	813	1214	600	1378	829
"79"	"E212M"	301	88	266	571	316	81	290	415	578
"80"	"E212F"	85	78	346	366	523	118	382	524	297
"81"	"E212P"	234	117	361	608	502	107	453	464	406
"82"	"E212S"	0	0	0	1	0	0	0	0	0
"83"	"E212T"	115	97	340	726	449	246	366	674	554
"84"	"E212W"	90	46	394	455	522	51	377	558	555
"85"	"E212Y"	90	93	343	301	474	207	371	403	297
"86"	"E212V"	274	188	585	699	738	258	879	1062	975
"87"	"E212X"	0	0	0	0	0	0	0	0	1
"88"	"E212B"	2652	1360	705	1605	1028	932	796	1129	1730
"89"	"F213A"	62	102	139	299	218	38	152	215	226
"90"	"F213R"	0	9	125	47	179	102	192	39	83
"91"	"F213N"	33	29	166	155	244	8	221	50	109
"92"	"F213D"	197	229	155	152	218	303	180	209	176
"93"	"F213C"	35	48	182	182	229	45	185	211	232
"94"	"F213E"	59	52	172	178	255	119	171	266	192
"95"	"F213Q"	74	24	215	184	223	22	213	165	210
"96"	"F213G"	157	98	162	110	190	344	180	190	96
"97"	"F213H"	13	21	98	43	143	28	149	100	42
"98"	"F213I"	44	53	187	74	240	64	209	163	88
"99"	"F213L"	1494	571	755	738	1078	648	877	920	762
"100"	"F213K"	28	79	380	635	453	126	458	135	134
"101"	"F213M"	14	52	122	237	178	232	148	283	182
"102"	"F213F"	4446879	2039080	2932289	3172821	3945947	3166045	3383288	3924954	3486247
"103"	"F213P"	0	3	118	28	189	63	175	7	17
"104"	"F213S"	590	263	842	450	1112	426	1026	678	561
"105"	"F213T"	42	20	161	87	151	1	136	63	48
"106"	"F213W"	90	29	182	236	243	3	248	197	148
"107"	"F213Y"	58	37	174	167	188	33	224	216	110
"108"	"F213V"	40	21	187	46	224	34	205	79	85
"109"	"F213X"	1	0	0	0	0	0	0	0	0
"110"	"F213B"	0	0	1	0	0	0	0	0	0
"111"	"T214A"	554	269	832	965	1113	495	995	1051	913
"112"	"T214R"	99	40	312	537	404	92	378	540	389
"113"	"T214N"	291	70	298	259	423	81	382	347	304
"114"	"T214D"	31	45	350	197	438	263	401	260	255
"115"	"T214C"	8	76	334	339	435	107	316	481	413
"116"	"T214E"	86	57	534	368	695	181	634	358	488
"117"	"T214Q"	194	51	326	443	377	158	367	464	609
"118"	"T214G"	69	36	363	319	486	18	417	149	262
"119"	"T214H"	75	24	188	266	329	21	267	290	353
"120"	"T214I"	388	142	349	384	494	311	391	491	347
"121"	"T214L"	66	32	218	321	325	139	271	381	311
"122"	"T214K"	55	34	221	304	298	123	210	285	249
"123"	"T214M"	5	11	130	213	228	32	171	157	178
"124"	"T214F"	166	5	235	172	258	148	257	190	183
"125"	"T214P"	58	203	295	170	434	35	312	197	215
"126"	"T214S"	282	99	339	452	493	149	381	479	355
"127"	"T214T"	4447300	2039441	2930586	3170456	3943471	3166209	3381507	3922054	3483289
"128"	"T214W"	67	89	353	190	434	8	344	246	205
"129"	"T214Y"	73	39	214	217	298	11	239	253	181
"130"	"T214V"	43	57	334	296	469	103	397	467	249
"131"	"T214X"	0	0	1	1	0	0	0	0	0
"132"	"T214B"	0	0	0	0	0	0	0	0	0
"133"	"T215A"	687	296	755	541	1198	789	900	1075	815
"134"	"T215R"	6	6	4	15	20	14	11	9	15
"135"	"T215N"	12	59	334	91	454	63	390	101	97
"136"	"T215D"	425	283	281	485	419	292	291	531	412
"137"	"T215C"	151	63	411	155	532	79	427	329	252
"138"	"T215E"	44	24	284	72	395	24	311	149	76
"139"	"T215Q"	37	65	378	94	529	12	390	94	70
"140"	"T215G"	441	292	295	539	410	403	336	594	641
"141"	"T215H"	202	125	311	162	421	8	384	113	175
"142"	"T215I"	27	34	409	260	512	239	440	410	264
"143"	"T215L"	185	282	291	276	410	136	320	480	373
"144"	"T215K"	292	68	474	236	775	2462	581	261	230
"145"	"T215M"	477	210	500	304	637	173	537	440	347
"146"	"T215F"	65	28	294	92	354	69	265	200	207
"147"	"T215P"	58	59	432	91	508	126	430	134	170
"148"	"T215S"	69	86	263	328	322	65	314	458	287
"149"	"T215T"	4446396	2038721	2929234	3172847	3941780	3163432	3380406	3923434	3484872
"150"	"T215W"	160	30	904	60	996	119	894	88	78
"151"	"T215Y"	162	83	653	142	782	132	636	133	272
"152"	"T215V"	14	6	305	78	447	47	373	107	95
"153"	"T215X"	0	0	0	0	1	0	1	0	0
"154"	"T215B"	0	0	0	1	0	0	0	0	0
"155"	"P216A"	163	110	473	556	693	141	478	628	585
"156"	"P216R"	205	44	414	308	565	160	434	323	232
"157"	"P216N"	41	46	298	188	459	85	356	212	204
"158"	"P216D"	212	167	621	518	701	46	623	544	499
"159"	"P216C"	85	129	536	166	669	220	568	414	347
"160"	"P216E"	64	80	545	552	786	52	526	725	570
"161"	"P216Q"	0	2	24	13	56	1	25	36	32
"162"	"P216G"	199	33	404	235	529	180	439	323	252
"163"	"P216H"	1709	102	466	332	668	184	565	407	369
"164"	"P216I"	189	41	296	100	424	6	386	209	149
"165"	"P216L"	484	194	563	389	819	205	600	377	377
"166"	"P216K"	314	159	528	388	693	68	592	319	246
"167"	"P216M"	105	45	616	349	848	290	691	353	371
"168"	"P216F"	54	59	292	187	423	71	265	370	297
"169"	"P216P"	4444695	2039257	2927906	3170233	3939935	3166319	3378962	3922133	3483081
"170"	"P216S"	495	114	465	342	684	223	577	561	391
"171"	"P216T"	690	100	480	311	750	134	530	397	322
"172"	"P216W"	53	14	375	316	545	58	409	171	190
"173"	"P216Y"	90	37	266	91	359	15	257	112	73
"174"	"P216V"	63	87	1244	1294	1293	226	1354	526	1161
"175"	"P216X"	0	0	0	1	3	0	0	0	0
"176"	"P216B"	0	0	0	0	0	0	0	0	0
"177"	"D217A"	144	49	319	191	415	134	334	178	256
"178"	"D217R"	257	8	195	63	346	80	308	111	96
"179"	"D217N"	669	210	620	420	972	218	787	587	522
"180"	"D217D"	4446705	2039800	2930554	3173340	3943059	3166747	3381235	3925201	3486135
"181"	"D217C"	86	40	297	128	454	56	364	214	159
"182"	"D217E"	82	84	249	209	324	80	273	337	300
"183"	"D217Q"	72	13	351	299	555	86	386	303	231
"184"	"D217G"	541	128	486	343	624	295	533	432	384
"185"	"D217H"	35	22	420	331	601	88	505	237	201
"186"	"D217I"	10	33	316	145	431	14	349	84	43
"187"	"D217L"	95	33	386	177	561	293	565	189	236
"188"	"D217K"	97	14	268	85	337	33	250	89	82
"189"	"D217M"	0	0	0	0	0	0	0	0	0
"190"	"D217F"	9	37	328	97	468	37	386	131	100
"191"	"D217P"	1	32	243	88	331	31	261	47	58
"192"	"D217S"	24	3	237	132	318	73	254	189	172
"193"	"D217T"	60	22	277	237	426	10	411	201	215
"194"	"D217W"	105	22	301	93	413	133	337	101	127
"195"	"D217Y"	829	207	711	394	936	215	793	406	352
"196"	"D217V"	89	63	253	97	330	61	305	103	79
"197"	"D217X"	0	0	1	0	0	0	1	0	0
"198"	"D217B"	0	0	0	0	1	0	0	0	0
"199"	"G218A"	142	62	242	122	330	48	234	160	121
"200"	"G218R"	74	19	334	38	367	67	337	108	74
"201"	"G218N"	116	25	213	175	308	33	206	239	221
"202"	"G218D"	1037	432	897	735	1427	648	1127	879	767
"203"	"G218C"	1839	347	695	332	883	359	783	434	383
"204"	"G218E"	1	7	212	66	296	35	187	63	163
"205"	"G218Q"	111	21	187	124	274	2	194	92	71
"206"	"G218G"	4443460	2039319	2930170	3173718	3943088	3166645	3381120	3925564	3486460
"207"	"G218H"	21	24	233	398	339	34	296	374	436
"208"	"G218I"	1	12	272	22	421	60	285	99	11
"209"	"G218L"	33	16	140	61	225	47	177	72	40
"210"	"G218K"	67	8	151	135	268	27	215	53	73
"211"	"G218M"	22	4	191	76	328	16	274	68	60
"212"	"G218F"	83	74	1016	113	871	88	1100	122	141
"213"	"G218P"	220	21	192	42	261	194	269	72	47
"214"	"G218S"	306	148	443	285	584	184	490	302	262
"215"	"G218T"	67	4	242	68	375	5	247	69	43
"216"	"G218W"	124	22	189	51	267	0	230	46	57
"217"	"G218Y"	0	14	167	67	238	1	198	56	56
"218"	"G218V"	2186	241	626	241	752	191	667	268	262
"219"	"G218X"	0	0	0	0	0	0	1	0	0
"220"	"G218B"	0	0	0	0	0	0	0	0	0
"221"	"H219A"	0	0	0	0	0	0	0	0	0
"222"	"H219R"	382	148	496	380	753	470	627	503	379
"223"	"H219N"	1850	201	761	729	1091	424	852	1070	687
"224"	"H219D"	90	42	271	156	426	18	377	257	236
"225"	"H219C"	2	13	280	178	385	24	255	351	132
"226"	"H219E"	180	60	371	228	505	70	380	363	167
"227"	"H219Q"	70	37	423	354	563	110	502	460	377
"228"	"H219G"	36	28	188	72	275	34	231	84	70
"229"	"H219H"	4445977	2039673	2930725	3172360	3943209	3166602	3381603	3922527	3484734
"230"	"H219I"	166	46	285	205	422	80	345	452	391
"231"	"H219L"	175	53	276	292	461	100	391	252	380
"232"	"H219K"	36	14	241	250	372	13	293	378	299
"233"	"H219M"	0	0	0	0	0	0	0	0	0
"234"	"H219F"	20	7	313	121	348	39	288	210	146
"235"	"H219P"	154	25	272	91	375	96	310	86	72
"236"	"H219S"	164	32	369	293	477	24	385	305	366
"237"	"H219T"	160	132	388	342	535	178	380	569	369
"238"	"H219W"	45	52	302	206	439	118	409	317	301
"239"	"H219Y"	396	205	704	528	1110	228	877	787	515
"240"	"H219V"	7	51	147	84	155	56	131	169	127
"241"	"H219X"	0	1	0	0	1	0	1	0	0
"242"	"H219B"	0	0	0	0	0	0	0	0	0
"243"	"Y220A"	312	89	489	740	660	473	791	853	1205
"244"	"Y220R"	230	68	231	633	333	187	252	678	610
"245"	"Y220N"	69	46	230	452	266	124	270	378	503
"246"	"Y220D"	141	30	394	452	443	77	473	362	258
"247"	"Y220C"	644	365	773	992	1068	443	954	1437	1042
"248"	"Y220E"	158	28	473	651	606	73	484	775	902
"249"	"Y220Q"	68	48	476	722	578	115	570	548	454
"250"	"Y220G"	119	53	384	495	484	132	455	684	721
"251"	"Y220H"	1335	292	1431	1719	1890	1008	1733	1644	1674
"252"	"Y220I"	257	20	277	381	367	8	295	486	353
"253"	"Y220L"	47	96	328	450	434	92	357	658	641
"254"	"Y220K"	165	58	318	546	467	339	343	961	839
"255"	"Y220M"	113	39	479	448	688	108	614	645	718
"256"	"Y220F"	167	60	334	327	409	72	340	342	531
"257"	"Y220P"	799	518	601	1610	821	992	808	1524	1713
"258"	"Y220S"	55	50	274	292	377	55	359	388	407
"259"	"Y220T"	619	25	335	834	417	16	381	698	725
"260"	"Y220W"	92	99	959	2353	1041	271	1106	1190	1965
"261"	"Y220Y"	4443948	2038706	2927376	3161946	3939627	3163848	3377342	3913934	3473339
"262"	"Y220V"	287	35	333	641	455	82	399	694	973
"263"	"Y220X"	274	89	301	166	447	144	298	250	167
"264"	"Y220B"	11	6	16	19	24	25	13	11	8
"265"	"Y221A"	638	370	244	230	286	472	268	219	267
"266"	"Y221R"	14	15	298	28	369	67	334	68	31
"267"	"Y221N"	172	60	150	60	220	76	199	35	79
"268"	"Y221D"	95	14	176	18	232	5	213	35	9
"269"	"Y221C"	2712	1140	703	649	907	1549	728	824	719
"270"	"Y221E"	10	5	239	52	341	148	318	147	35
"271"	"Y221Q"	33	5	155	2	235	57	189	25	18
"272"	"Y221G"	21	28	264	149	300	58	207	86	159
"273"	"Y221H"	664	369	539	413	758	623	627	454	511
"274"	"Y221I"	688	502	232	170	293	554	246	292	199
"275"	"Y221L"	96	101	226	95	357	237	197	163	151
"276"	"Y221K"	134	7	239	16	312	0	247	46	12
"277"	"Y221M"	107	73	123	46	139	62	138	87	52
"278"	"Y221F"	63	70	208	252	267	60	220	427	309
"279"	"Y221P"	11	14	133	8	201	11	182	19	7
"280"	"Y221S"	251	88	194	31	217	212	167	40	72
"281"	"Y221T"	238	134	258	79	266	300	252	75	68
"282"	"Y221W"	146	147	189	382	249	35	223	301	337
"283"	"Y221Y"	4442255	2036948	2931595	3173752	3944971	3162951	3382954	3925118	3486279
"284"	"Y221V"	1205	583	221	246	314	978	250	432	275
"285"	"Y221X"	312	128	389	168	632	203	450	217	138
"286"	"Y221B"	45	19	37	23	36	26	28	30	21
"287"	"D222A"	824	405	325	308	404	522	395	374	246
"288"	"D222R"	9018	1941	245	568	374	2195	317	523	504
"289"	"D222N"	1630	804	478	594	666	1364	510	662	568
"290"	"D222D"	4400900	2020532	2929732	3166303	3942284	3136522	3380564	3918025	3479474
"291"	"D222C"	1067	599	312	296	472	885	427	358	307
"292"	"D222E"	611	222	548	942	856	457	616	859	622
"293"	"D222Q"	1378	745	215	353	330	1499	248	440	449
"294"	"D222G"	2473	1051	981	863	1306	1378	1099	1087	972
"295"	"D222H"	1759	1040	237	395	318	1143	277	358	379
"296"	"D222I"	2346	1265	211	221	260	1528	190	448	444
"297"	"D222L"	1608	665	262	288	364	798	342	319	230
"298"	"D222K"	2676	1054	192	327	354	1775	250	470	423
"299"	"D222M"	10514	5368	639	2873	592	11003	704	1443	2109
"300"	"D222F"	4024	1304	405	431	505	1936	416	615	409
"301"	"D222P"	1874	645	258	183	371	1094	344	392	323
"302"	"D222S"	670	354	207	256	294	612	221	667	313
"303"	"D222T"	869	704	305	311	376	1139	341	504	388
"304"	"D222W"	325	189	378	344	539	267	374	389	383
"305"	"D222Y"	3899	1275	645	799	850	1788	680	846	775
"306"	"D222V"	1445	658	237	214	386	779	319	359	430
"307"	"D222X"	0	0	0	0	1	0	3	2	0
"308"	"D222B"	0	0	0	0	0	0	0	0	0
"309"	"I223A"	217	145	471	206	533	121	571	282	407
"310"	"I223R"	20	53	222	22	291	13	314	53	27
"311"	"I223N"	85	23	309	33	418	47	350	127	64
"312"	"I223D"	0	0	0	0	0	0	0	0	0
"313"	"I223C"	184	165	472	328	555	162	547	203	264
"314"	"I223E"	38	68	355	143	479	43	443	57	37
"315"	"I223Q"	2	6	283	67	461	65	371	40	32
"316"	"I223G"	33	18	426	50	582	54	504	39	34
"317"	"I223H"	0	0	0	0	0	0	0	0	0
"318"	"I223I"	4447334	2039525	2930804	3174658	3944092	3166913	3381631	3926433	3487244
"319"	"I223L"	135	35	276	96	446	89	363	195	99
"320"	"I223K"	113	40	266	10	316	20	299	27	14
"321"	"I223M"	65	28	378	98	487	85	460	167	119
"322"	"I223F"	27	55	427	67	535	100	509	106	118
"323"	"I223P"	48	16	271	8	337	11	292	29	21
"324"	"I223S"	38	16	310	43	448	28	298	33	6
"325"	"I223T"	963	266	583	341	760	384	653	521	400
"326"	"I223W"	1	6	319	18	414	11	354	65	34
"327"	"I223Y"	0	0	0	0	1	0	0	0	0
"328"	"I223V"	607	355	640	681	744	538	678	763	828
"329"	"I223X"	0	0	0	0	3	0	0	0	0
"330"	"I223B"	0	0	0	0	0	0	0	0	0
"331"	"L224A"	20	28	204	137	296	0	232	91	81
"332"	"L224R"	100	21	375	48	507	40	424	135	47
"333"	"L224N"	132	18	328	18	440	48	367	28	15
"334"	"L224D"	9	46	448	34	527	20	507	105	30
"335"	"L224C"	0	0	0	0	0	0	0	0	0
"336"	"L224E"	66	1	251	13	443	151	296	23	9
"337"	"L224Q"	254	109	494	160	711	195	642	222	179
"338"	"L224G"	99	62	493	266	723	323	624	131	100
"339"	"L224H"	78	37	301	75	433	34	362	99	38
"340"	"L224I"	90	62	220	567	326	69	296	651	517
"341"	"L224L"	4445961	2039644	2929340	3173688	3941553	3166422	3380002	3924624	3486466
"342"	"L224K"	36	30	336	13	398	69	317	39	25
"343"	"L224M"	1569	124	736	359	967	292	762	520	374
"344"	"L224F"	328	60	226	122	311	92	222	491	270
"345"	"L224P"	867	425	1587	654	2232	629	1949	830	626
"346"	"L224S"	105	5	298	34	428	11	336	54	71
"347"	"L224T"	6	18	286	56	365	63	249	124	96
"348"	"L224W"	115	20	285	179	433	27	322	234	199
"349"	"L224Y"	12	14	293	111	352	76	304	186	148
"350"	"L224V"	62	96	311	335	457	123	424	553	457
"351"	"L224X"	0	0	0	0	0	0	0	0	0
"352"	"L224B"	1	0	0	0	0	0	0	0	0
"353"	"E225A"	34	36	372	16	424	12	375	69	131
"354"	"E225R"	25	25	240	3	291	1	196	20	9
"355"	"E225N"	0	35	328	140	418	13	360	35	31
"356"	"E225D"	220	50	410	182	576	101	488	172	108
"357"	"E225C"	71	28	338	35	472	19	369	68	98
"358"	"E225E"	4446648	2039687	2928867	3174986	3941661	3166844	3379855	3926970	3487974
"359"	"E225Q"	379	96	529	219	561	291	708	181	294
"360"	"E225G"	659	343	1256	481	1538	421	1353	630	493
"361"	"E225H"	0	23	294	17	337	33	296	25	31
"362"	"E225I"	32	11	293	41	398	63	292	44	13
"363"	"E225L"	94	21	288	47	349	106	337	26	18
"364"	"E225K"	152	71	477	160	749	101	474	118	109
"365"	"E225M"	41	31	291	32	359	25	405	68	27
"366"	"E225F"	116	40	365	19	497	61	363	41	16
"367"	"E225P"	19	36	183	26	244	27	210	2	2
"368"	"E225S"	22	29	243	14	298	15	201	39	14
"369"	"E225T"	11	18	243	42	296	42	282	19	17
"370"	"E225W"	12	20	339	36	419	0	369	34	16
"371"	"E225Y"	35	4	314	18	468	88	400	92	20
"372"	"E225V"	159	66	387	124	547	137	473	178	112
"373"	"E225X"	1181	150	755	231	1000	284	831	309	215
"374"	"E225B"	0	0	0	0	0	0	0	0	0
"375"	"L226A"	19	19	183	40	259	24	258	66	98
"376"	"L226R"	42	67	314	21	421	42	372	64	30
"377"	"L226N"	258	37	279	110	416	37	313	98	27
"378"	"L226D"	44	16	336	31	459	28	409	77	38
"379"	"L226C"	0	0	0	0	0	0	0	0	0
"380"	"L226E"	31	33	243	20	318	19	238	22	9
"381"	"L226Q"	219	38	368	145	496	80	457	73	94
"382"	"L226G"	9	21	368	30	456	1	408	68	64
"383"	"L226H"	0	48	256	22	332	42	239	27	42
"384"	"L226I"	77	84	258	358	330	116	272	382	353
"385"	"L226L"	4448367	2040029	2931587	3174929	3944532	3167490	3382741	3926822	3487798
"386"	"L226K"	15	17	181	54	346	5	215	58	100
"387"	"L226M"	280	112	481	278	794	173	456	480	329
"388"	"L226F"	5	4	201	23	253	21	217	23	97
"389"	"L226P"	507	233	720	422	1047	488	898	471	302
"390"	"L226S"	3	1	190	31	286	19	189	34	35
"391"	"L226T"	0	8	188	32	275	7	251	50	26
"392"	"L226W"	4	0	171	15	257	5	192	45	1
"393"	"L226Y"	0	2	187	19	263	32	195	17	16
"394"	"L226V"	30	51	300	289	361	55	317	263	289
"395"	"L226X"	0	0	1	0	1	0	0	0	0
"396"	"L226B"	0	0	0	0	0	0	0	0	0
"397"	"P227A"	97	91	490	265	658	63	530	188	238
"398"	"P227R"	104	57	324	116	374	41	339	94	120
"399"	"P227N"	20	22	354	101	491	34	417	112	102
"400"	"P227D"	22	22	402	152	477	14	396	174	97
"401"	"P227C"	31	33	281	69	416	28	376	82	110
"402"	"P227E"	253	60	397	315	540	76	417	474	178
"403"	"P227Q"	8	29	248	94	374	45	271	191	88
"404"	"P227G"	22	9	338	76	434	21	306	123	76
"405"	"P227H"	1391	107	437	222	546	148	442	249	220
"406"	"P227I"	38	121	516	257	662	99	628	159	122
"407"	"P227L"	275	234	539	296	702	573	618	378	323
"408"	"P227K"	60	34	452	109	647	166	459	80	146
"409"	"P227M"	48	10	418	106	537	14	380	189	114
"410"	"P227F"	13	13	397	44	482	0	394	179	73
"411"	"P227P"	4445778	2039410	2928769	3173577	3941392	3166370	3379945	3925149	3486642
"412"	"P227S"	894	348	882	565	1130	639	1053	825	622
"413"	"P227T"	662	168	490	311	696	169	527	269	247
"414"	"P227W"	130	14	406	49	472	95	442	30	41
"415"	"P227Y"	37	9	291	34	414	11	297	52	58
"416"	"P227V"	26	29	379	111	455	78	400	143	131
"417"	"P227X"	0	0	2	0	2	0	0	0	0
"418"	"P227B"	1	0	0	0	1	0	0	0	0
"419"	"Y228A"	717	311	369	115	576	311	410	84	82
"420"	"Y228R"	129	42	286	6	394	19	347	21	16
"421"	"Y228N"	506	151	342	87	448	264	327	92	74
"422"	"Y228D"	198	114	342	106	510	110	415	89	109
"423"	"Y228C"	1061	582	675	391	925	1108	737	554	480
"424"	"Y228E"	384	118	556	160	715	132	588	118	83
"425"	"Y228Q"	47	83	237	35	373	148	288	92	69
"426"	"Y228G"	1040	455	361	71	506	874	487	289	134
"427"	"Y228H"	687	376	893	432	1188	546	1073	479	529
"428"	"Y228I"	413	308	543	160	713	509	626	264	250
"429"	"Y228L"	347	299	233	86	344	494	277	111	96
"430"	"Y228K"	112	41	434	47	585	102	506	61	34
"431"	"Y228M"	136	233	400	169	512	272	453	292	246
"432"	"Y228F"	47	92	354	336	484	306	372	274	232
"433"	"Y228P"	184	58	700	34	817	78	845	69	65
"434"	"Y228S"	297	223	495	112	663	320	605	97	102
"435"	"Y228T"	1313	469	291	95	406	641	352	202	110
"436"	"Y228W"	98	76	506	111	674	103	524	64	93
"437"	"Y228Y"	4441499	2036371	2928133	3173998	3940097	3162050	3378675	3925486	3486709
"438"	"Y228V"	396	313	373	148	522	164	449	207	61
"439"	"Y228X"	276	98	279	153	427	116	271	180	149
"440"	"Y228B"	23	7	10	17	23	17	10	15	25
"441"	"H229A"	0	0	0	0	0	0	0	0	1
"442"	"H229R"	525	196	691	601	1005	474	745	854	739
"443"	"H229N"	1306	150	577	496	680	384	669	361	507
"444"	"H229D"	27	39	271	184	375	55	292	297	198
"445"	"H229C"	386	120	378	200	794	185	494	540	235
"446"	"H229E"	88	83	382	582	517	41	437	595	486
"447"	"H229Q"	779	280	948	1541	1020	358	1036	907	1185
"448"	"H229G"	140	48	360	188	509	265	419	206	109
"449"	"H229H"	4444631	2038854	2929543	3170509	3942163	3165619	3380376	3922579	3483460
"450"	"H229I"	182	61	336	201	435	40	409	175	163
"451"	"H229L"	104	55	396	216	435	121	421	294	264
"452"	"H229K"	120	173	334	349	444	138	337	317	317
"453"	"H229M"	86	55	328	167	449	114	379	215	197
"454"	"H229F"	110	43	307	240	447	98	370	212	183
"455"	"H229P"	905	416	267	144	344	375	298	201	184
"456"	"H229S"	36	30	227	252	284	29	249	224	202
"457"	"H229T"	1	27	258	260	343	79	297	250	231
"458"	"H229W"	67	41	390	245	449	36	410	237	419
"459"	"H229Y"	401	117	364	190	560	232	464	258	225
"460"	"H229V"	16	32	450	304	640	41	532	418	443
"461"	"H229X"	0	0	5	0	9	0	2	0	0
"462"	"H229B"	0	0	0	0	0	0	1	0	0
"463"	"G230A"	764	525	351	152	421	543	411	173	146
"464"	"G230R"	708	406	656	462	945	383	822	557	390
"465"	"G230N"	2106	972	702	478	823	1698	709	803	575
"466"	"G230D"	2084	917	447	294	600	1022	550	322	395
"467"	"G230C"	1138	491	381	162	632	554	450	298	365
"468"	"G230E"	1705	569	363	263	531	947	405	403	281
"469"	"G230Q"	533	411	297	381	416	713	338	382	334
"470"	"G230G"	4419983	2026980	2927763	3170284	3940136	3146843	3378465	3921680	3482839
"471"	"G230H"	1690	786	266	254	515	1947	376	458	480
"472"	"G230I"	733	731	337	226	441	612	329	387	225
"473"	"G230L"	827	310	332	195	495	543	348	336	162
"474"	"G230K"	668	189	267	144	465	452	384	286	208
"475"	"G230M"	460	237	237	132	268	181	247	212	114
"476"	"G230F"	408	323	395	143	648	498	442	181	169
"477"	"G230P"	549	220	357	160	558	564	430	162	160
"478"	"G230S"	471	252	450	324	568	251	522	426	313
"479"	"G230T"	1405	516	282	285	548	1022	376	412	342
"480"	"G230W"	3205	527	1200	339	1196	782	1213	442	289
"481"	"G230Y"	510	354	577	163	636	697	639	166	207
"482"	"G230V"	9962	5103	1150	2028	1058	8432	1181	1050	1753
"483"	"G230X"	1	1	2	0	1	0	0	2	1
"484"	"G230B"	0	0	0	0	1	0	0	2	0
"485"	"D231A"	83	15	226	106	307	65	251	88	176
"486"	"D231R"	33	36	103	43	171	42	135	67	65
"487"	"D231N"	307	118	672	390	945	282	715	559	625
"488"	"D231D"	4445356	2039267	2929681	3173235	3942043	3166245	3380684	3924971	3485509
"489"	"D231C"	173	65	484	167	687	130	557	264	217
"490"	"D231E"	1215	159	549	821	834	286	495	702	671
"491"	"D231Q"	0	1	63	13	103	0	69	25	14
"492"	"D231G"	589	479	1390	799	1808	648	1597	939	854
"493"	"D231H"	59	21	109	72	146	134	181	162	62
"494"	"D231I"	34	8	232	35	308	15	217	19	61
"495"	"D231L"	123	68	179	8	263	1	185	49	29
"496"	"D231K"	48	34	246	77	372	122	206	103	200
"497"	"D231M"	168	20	372	118	416	32	363	93	253
"498"	"D231F"	92	33	381	91	613	25	423	126	106
"499"	"D231P"	38	3	135	23	189	0	140	20	20
"500"	"D231S"	236	150	575	230	783	77	808	311	202
"501"	"D231T"	15	9	255	120	342	129	289	110	124
"502"	"D231W"	81	56	300	78	453	76	352	130	157
"503"	"D231Y"	1150	208	604	325	766	295	643	289	310
"504"	"D231V"	110	70	256	118	350	80	327	113	93
"505"	"D231X"	0	0	0	0	3	0	0	0	0
"506"	"D231B"	0	0	0	0	0	0	0	0	0
"507"	"T232A"	808	474	839	1222	1265	863	912	1257	1025
"508"	"T232R"	257	205	522	820	642	345	498	520	648
"509"	"T232N"	716	193	484	474	697	358	519	525	524
"510"	"T232D"	517	252	319	463	532	899	385	551	444
"511"	"T232C"	796	368	386	408	583	631	450	428	251
"512"	"T232E"	311	237	303	320	432	338	319	400	234
"513"	"T232Q"	499	186	340	698	483	553	430	647	381
"514"	"T232G"	901	788	377	406	595	707	469	532	553
"515"	"T232H"	626	507	252	303	416	1147	281	348	336
"516"	"T232I"	2988	1359	393	596	603	2189	461	689	748
"517"	"T232L"	440	251	313	261	489	141	361	283	312
"518"	"T232K"	307	395	457	382	541	1726	480	544	677
"519"	"T232M"	143	156	249	133	403	317	289	199	148
"520"	"T232F"	1352	341	254	221	460	852	313	427	248
"521"	"T232P"	50	29	424	89	613	214	447	84	114
"522"	"T232S"	143	115	390	423	473	139	399	441	431
"523"	"T232T"	4434756	2032981	2929364	3168673	3940927	3153509	3380289	3920153	3481714
"524"	"T232W"	1513	732	534	283	773	1044	594	217	319
"525"	"T232Y"	1259	458	273	246	409	1254	336	280	176
"526"	"T232V"	1528	791	339	448	564	1458	402	615	465
"527"	"T232X"	0	2	0	0	1	0	0	0	0
"528"	"T232B"	0	0	0	0	1	0	3	0	0
"529"	"L233A"	585	384	306	258	378	919	280	202	254
"530"	"L233R"	143	116	299	204	442	271	396	157	96
"531"	"L233N"	121	182	377	206	474	200	386	176	154
"532"	"L233D"	73	67	379	124	531	176	406	93	165
"533"	"L233C"	308	99	382	366	468	269	381	417	615
"534"	"L233E"	71	46	502	162	680	180	548	232	176
"535"	"L233Q"	734	16	303	175	494	78	338	98	98
"536"	"L233G"	344	213	310	169	392	201	384	140	82
"537"	"L233H"	427	163	341	131	517	277	385	216	187
"538"	"L233I"	2706	209	1144	770	1239	567	1069	801	642
"539"	"L233L"	4441212	2037414	2928972	3170481	3941479	3162182	3379908	3922601	3483514
"540"	"L233K"	36	17	356	107	466	24	339	115	209
"541"	"L233M"	139	56	275	274	420	93	374	281	358
"542"	"L233F"	925	366	407	1070	573	1103	430	923	1003
"543"	"L233P"	390	224	679	276	899	316	815	340	325
"544"	"L233S"	531	265	223	183	364	390	303	216	161
"545"	"L233T"	546	565	297	655	453	855	371	872	570
"546"	"L233W"	262	167	704	338	740	129	782	302	317
"547"	"L233Y"	206	113	265	581	425	277	377	547	487
"548"	"L233V"	150	138	291	339	468	177	365	411	335
"549"	"L233X"	1	0	0	0	0	0	0	0	0
"550"	"L233B"	0	0	0	0	0	0	0	0	0
"551"	"S234A"	0	0	0	0	0	0	0	0	0
"552"	"S234R"	647	125	499	189	684	204	515	223	208
"553"	"S234N"	237	77	391	192	465	175	417	288	219
"554"	"S234D"	25	34	291	28	344	47	295	59	69
"555"	"S234C"	122	25	267	55	409	114	276	108	117
"556"	"S234E"	37	24	321	145	351	7	344	121	226
"557"	"S234Q"	0	0	0	0	0	0	0	0	0
"558"	"S234G"	624	278	972	494	1399	521	1114	564	448
"559"	"S234H"	22	15	245	60	294	32	271	30	27
"560"	"S234I"	586	125	491	346	740	203	564	284	205
"561"	"S234L"	58	50	494	30	608	70	524	56	29
"562"	"S234K"	36	27	212	35	343	14	226	62	38
"563"	"S234M"	7	46	254	38	349	0	282	28	28
"564"	"S234F"	41	47	303	51	423	212	394	36	38
"565"	"S234P"	32	24	395	25	490	1	485	31	15
"566"	"S234S"	4447114	2039802	2930392	3174904	3943265	3166776	3381432	3926857	3487829
"567"	"S234T"	130	58	392	107	551	67	402	219	157
"568"	"S234W"	92	34	367	43	499	110	414	68	31
"569"	"S234Y"	54	2	182	31	234	28	233	27	14
"570"	"S234V"	46	19	344	96	449	103	447	79	50
"571"	"S234X"	0	8	0	0	5	0	2	0	0
"572"	"S234B"	0	0	0	0	0	0	0	0	0
"573"	"M235A"	349	218	237	159	342	15	265	161	150
"574"	"M235R"	46	11	293	23	407	24	333	60	37
"575"	"M235N"	28	3	193	49	331	18	215	35	26
"576"	"M235D"	0	0	0	0	0	0	0	0	0
"577"	"M235C"	0	0	0	0	0	0	0	0	0
"578"	"M235E"	38	36	1174	55	1273	18	1313	82	54
"579"	"M235Q"	150	18	387	61	492	61	390	60	46
"580"	"M235G"	239	30	295	19	379	56	279	40	44
"581"	"M235H"	0	0	0	0	0	0	0	0	0
"582"	"M235I"	603	342	894	585	1219	435	1030	591	551
"583"	"M235L"	95	63	310	330	418	118	318	250	288
"584"	"M235K"	42	22	253	30	333	28	262	89	46
"585"	"M235M"	4447525	2039767	2930446	3174832	3943577	3166977	3381524	3927003	3487699
"586"	"M235F"	13	2	125	52	233	128	187	93	97
"587"	"M235P"	20	11	216	7	319	0	278	3	27
"588"	"M235S"	39	20	286	30	331	20	288	27	22
"589"	"M235T"	296	121	435	277	608	277	455	260	245
"590"	"M235W"	138	19	765	132	939	245	902	116	132
"591"	"M235Y"	0	0	0	0	0	0	0	0	0
"592"	"M235V"	289	137	501	228	701	264	595	270	284
"593"	"M235X"	0	0	2	0	0	0	3	0	0
"594"	"M235B"	0	0	0	0	0	0	0	0	0
"595"	"F236A"	23	36	376	28	522	38	414	85	29
"596"	"F236R"	26	10	266	10	312	1	274	37	69
"597"	"F236N"	26	22	213	86	348	11	301	31	26
"598"	"F236D"	12	33	254	23	328	90	294	31	34
"599"	"F236C"	37	51	309	101	443	25	369	93	40
"600"	"F236E"	33	20	432	47	564	24	438	66	39
"601"	"F236Q"	24	6	390	21	452	25	415	35	41
"602"	"F236G"	52	24	288	13	390	48	358	10	46
"603"	"F236H"	28	14	262	23	356	1	308	42	25
"604"	"F236I"	66	136	268	349	371	224	285	381	282
"605"	"F236L"	1574	417	1072	859	1462	1039	1150	1400	1136
"606"	"F236K"	12	6	230	8	299	112	259	18	32
"607"	"F236M"	56	37	249	157	407	104	282	233	183
"608"	"F236F"	4445781	2039267	2928971	3173941	3941274	3165690	3379553	3924965	3486294
"609"	"F236P"	17	118	293	30	377	44	325	40	16
"610"	"F236S"	577	304	1406	431	2028	397	1738	536	521
"611"	"F236T"	68	27	244	57	299	3	280	106	76
"612"	"F236W"	781	152	665	341	895	341	894	548	303
"613"	"F236Y"	104	100	287	241	338	223	327	328	430
"614"	"F236V"	613	40	336	103	436	244	373	155	126
"615"	"F236X"	0	0	0	0	1	0	0	0	0
"616"	"F236B"	0	0	1	0	0	0	0	0	0
"617"	"I237A"	20	28	265	9	273	19	284	34	34
"618"	"I237R"	131	23	295	18	321	49	285	25	12
"619"	"I237N"	134	33	274	51	359	66	316	69	54
"620"	"I237D"	313	31	212	29	331	5	237	75	90
"621"	"I237C"	21	22	282	49	365	73	290	87	34
"622"	"I237E"	242	101	418	79	459	35	492	109	105
"623"	"I237Q"	71	2	329	12	430	14	326	30	26
"624"	"I237G"	6	58	211	19	289	3	264	10	28
"625"	"I237H"	1	40	332	62	437	0	372	116	36
"626"	"I237I"	4447644	2039829	2930381	3174986	3943583	3166907	3381442	3926690	3487490
"627"	"I237L"	245	120	266	319	389	219	292	324	477
"628"	"I237K"	24	13	496	78	569	11	635	42	78
"629"	"I237M"	23	30	313	272	468	133	348	178	267
"630"	"I237F"	100	44	253	89	400	225	314	181	116
"631"	"I237P"	14	8	225	23	289	53	275	17	9
"632"	"I237S"	84	11	298	33	419	22	338	53	57
"633"	"I237T"	326	169	719	291	914	472	741	331	324
"634"	"I237W"	127	38	366	6	458	37	421	94	82
"635"	"I237Y"	39	74	310	126	426	56	304	39	17
"636"	"I237V"	345	145	560	313	723	285	661	636	412
"637"	"I237X"	0	1	0	5	0	0	0	0	0
"638"	"I237B"	0	0	7	0	0	0	0	0	0
"639"	"A238A"	4446758	2039695	2930293	3174601	3942906	3166935	3381426	3926075	3486900
"640"	"A238R"	53	7	290	38	387	15	348	33	8
"641"	"A238N"	5	28	267	42	317	15	264	30	10
"642"	"A238D"	534	157	620	152	870	158	713	218	309
"643"	"A238C"	47	59	310	171	426	72	349	329	253
"644"	"A238E"	105	90	378	20	435	15	389	63	25
"645"	"A238Q"	11	29	398	17	549	9	447	26	35
"646"	"A238G"	207	47	511	131	728	156	592	370	508
"647"	"A238H"	9	10	268	49	405	25	333	21	7
"648"	"A238I"	176	8	341	107	466	26	323	165	301
"649"	"A238L"	0	0	1	0	3	0	2	0	0
"650"	"A238K"	44	14	292	63	391	98	353	30	23
"651"	"A238M"	66	49	274	272	391	154	334	282	163
"652"	"A238F"	1	32	314	130	438	26	348	119	97
"653"	"A238P"	75	28	307	17	438	141	312	32	39
"654"	"A238S"	724	158	289	203	408	206	285	201	189
"655"	"A238T"	439	153	595	388	929	344	674	481	312
"656"	"A238W"	34	49	442	116	580	45	472	95	69
"657"	"A238Y"	0	20	190	38	265	0	215	56	8
"658"	"A238V"	622	187	432	314	569	244	458	513	492
"659"	"A238X"	0	0	0	0	1	0	0	1	0
"660"	"A238B"	0	0	0	0	0	0	0	0	0
"661"	"A239A"	4439712	2037718	2929033	3170026	3940684	3164495	3379832	3921554	3482395
"662"	"A239R"	2569	912	411	641	499	954	464	723	664
"663"	"A239N"	57	65	274	103	351	32	304	116	116
"664"	"A239D"	784	102	462	127	811	135	502	337	118
"665"	"A239C"	151	165	357	330	459	63	367	303	365
"666"	"A239E"	23	8	267	32	491	47	367	98	80
"667"	"A239Q"	517	8	271	203	411	55	324	137	206
"668"	"A239G"	82	137	501	260	881	372	751	237	357
"669"	"A239H"	94	47	552	746	663	44	522	517	794
"670"	"A239I"	46	36	266	229	396	4	294	287	326
"671"	"A239L"	138	65	304	336	442	69	354	401	414
"672"	"A239K"	2526	764	401	830	544	1299	408	1242	1038
"673"	"A239M"	8	23	336	290	426	67	375	407	395
"674"	"A239F"	40	27	326	296	502	18	360	287	317
"675"	"A239P"	172	36	374	41	511	72	409	66	59
"676"	"A239S"	1589	227	700	538	1022	300	769	569	577
"677"	"A239T"	625	192	644	520	877	294	713	438	405
"678"	"A239W"	190	111	436	518	608	121	519	589	430
"679"	"A239Y"	36	22	371	269	548	37	384	297	236
"680"	"A239V"	551	155	525	534	776	206	619	535	456
"681"	"A239X"	0	0	1	0	0	0	0	0	0
"682"	"A239B"	0	0	0	0	0	0	0	0	0
"683"	"P240A"	39	15	239	77	339	27	321	118	120
"684"	"P240R"	44	18	536	67	640	67	606	57	54
"685"	"P240N"	15	21	250	56	376	12	278	124	48
"686"	"P240D"	22	19	281	37	367	5	357	31	23
"687"	"P240C"	48	19	386	81	517	138	406	62	75
"688"	"P240E"	0	20	267	28	395	69	303	67	7
"689"	"P240Q"	41	9	296	42	390	2	298	66	84
"690"	"P240G"	106	26	380	183	510	119	425	153	136
"691"	"P240H"	1356	138	667	292	806	227	700	267	227
"692"	"P240I"	61	6	263	56	341	41	292	55	41
"693"	"P240L"	318	55	462	154	602	319	492	150	223
"694"	"P240K"	80	80	1481	102	1500	179	1594	149	146
"695"	"P240M"	27	72	354	394	494	30	401	169	399
"696"	"P240F"	0	7	237	175	348	41	272	158	167
"697"	"P240P"	4445113	2039941	2928033	3174393	3940991	3166807	3379072	3926531	3487312
"698"	"P240S"	210	121	416	287	616	167	468	292	217
"699"	"P240T"	2301	138	1095	245	1096	283	922	398	255
"700"	"P240W"	32	20	422	66	629	127	550	71	78
"701"	"P240Y"	12	30	276	13	340	10	273	44	17
"702"	"P240V"	85	65	470	121	600	14	606	178	119
"703"	"P240X"	0	0	1	0	4	0	1	0	0
"704"	"P240B"	0	0	0	0	1	0	0	0	0
"705"	"Y241A"	84	75	265	437	437	341	303	561	493
"706"	"Y241R"	3332	1612	307	1221	451	1715	368	1461	1629
"707"	"Y241N"	304	213	472	575	624	327	541	933	831
"708"	"Y241D"	166	109	448	423	634	167	575	559	557
"709"	"Y241C"	538	327	674	1073	936	685	774	1105	1017
"710"	"Y241E"	173	271	704	745	964	461	824	853	835
"711"	"Y241Q"	571	586	255	905	433	754	343	1012	940
"712"	"Y241G"	142	52	278	522	427	32	342	539	748
"713"	"Y241H"	2524	920	993	1458	1413	1530	1212	1654	1442
"714"	"Y241I"	484	123	382	794	507	203	473	1035	1044
"715"	"Y241L"	113	68	319	639	469	103	365	1089	862
"716"	"Y241K"	3907	1366	287	722	467	1426	376	1881	1230
"717"	"Y241M"	0	0	0	0	0	0	0	0	0
"718"	"Y241F"	217	144	284	394	433	138	349	798	568
"719"	"Y241P"	6	75	325	581	490	132	497	310	587
"720"	"Y241S"	233	209	293	325	337	145	371	418	504
"721"	"Y241T"	515	291	417	897	608	455	460	1299	946
"722"	"Y241W"	249	114	780	466	913	259	654	588	475
"723"	"Y241Y"	4435932	2034003	2928838	3163838	3940776	3159408	3379272	3911885	3474100
"724"	"Y241V"	371	224	455	809	532	355	487	1112	905
"725"	"Y241X"	32	30	29	33	40	28	35	27	21
"726"	"Y241B"	17	8	7	12	11	20	16	21	14
"727"	"E242A"	40	15	317	176	404	57	359	254	312
"728"	"E242R"	352	87	386	441	432	57	424	642	733
"729"	"E242N"	36	39	205	104	270	27	242	203	255
"730"	"E242D"	52	91	478	498	543	101	535	455	553
"731"	"E242C"	138	71	418	324	471	92	440	335	225
"732"	"E242E"	4442168	2036722	2871040	3167560	3900086	3160544	3325878	3919940	3480118
"733"	"E242Q"	81	33	273	225	347	16	328	168	194
"734"	"E242G"	630	300	1215	1272	1610	524	1354	877	1039
"735"	"E242H"	38	28	303	253	356	41	348	274	247
"736"	"E242I"	0	18	176	71	320	11	246	115	145
"737"	"E242L"	105	31	386	270	405	19	419	417	220
"738"	"E242K"	285	187	569	733	760	257	902	560	823
"739"	"E242M"	158	147	417	219	534	133	562	175	205
"740"	"E242F"	27	18	279	220	426	122	321	267	144
"741"	"E242P"	9	43	352	241	413	16	404	216	144
"742"	"E242S"	11	20	344	246	369	10	425	259	379
"743"	"E242T"	4848	2672	58321	3432	42182	6360	53859	3155	3408
"744"	"E242W"	24	31	340	59	411	38	417	127	117
"745"	"E242Y"	0	29	231	186	353	8	277	250	177
"746"	"E242V"	128	116	362	167	488	87	416	248	185
"747"	"E242X"	780	122	400	171	721	164	481	203	125
"748"	"E242B"	0	0	0	1	1	0	0	0	0
