	"Variants"	"4640-LH-1_ACAGTG"	"4640-LH-1_ACTTGA"	"4640-LH-1_ATCACG"	"4640-LH-1_CAGATC"	"4640-LH-1_CGATGT"	"4640-LH-1_CTTGTA"	"4640-LH-1_GCCAAT"	"4640-LH-1_TGACCA"	"4640-LH-1_TTAGGC"
"1"	"K176A"	378	234	378	630	483	364	393	750	887
"2"	"K176R"	647	382	944	775	1127	747	982	901	673
"3"	"K176N"	654	538	853	935	1128	787	863	890	712
"4"	"K176D"	2424	1224	429	552	519	1452	417	919	961
"5"	"K176C"	5	34	472	188	522	88	446	274	180
"6"	"K176E"	4984	2051	1487	1581	1572	3697	1323	2148	1934
"7"	"K176Q"	188	216	534	879	587	402	511	913	800
"8"	"K176G"	31	8	367	269	400	64	395	227	132
"9"	"K176H"	355	232	542	247	672	245	451	716	594
"10"	"K176I"	298	46	346	127	482	68	357	119	87
"11"	"K176L"	12	13	411	243	499	52	358	314	199
"12"	"K176K"	3271056	2051930	3515853	3279302	3984357	3625508	3205260	3712090	3317385
"13"	"K176M"	45	67	509	289	602	102	483	329	340
"14"	"K176F"	51	21	526	190	736	295	468	206	158
"15"	"K176P"	31	22	127	67	228	48	115	52	25
"16"	"K176S"	56	76	371	449	469	211	328	671	502
"17"	"K176T"	70	54	476	144	597	102	435	287	179
"18"	"K176W"	312	15	333	59	423	0	315	55	87
"19"	"K176Y"	382	35	433	198	624	95	426	217	163
"20"	"K176V"	83	26	379	165	405	161	386	131	127
"21"	"K176X"	1	0	0	0	4	0	1	0	0
"22"	"K176B"	82	50	103	100	120	116	84	124	98
"23"	"T177A"	369	243	931	702	1062	356	867	903	871
"24"	"T177R"	17	18	336	45	311	97	314	42	91
"25"	"T177N"	216	148	475	984	615	323	434	1571	1693
"26"	"T177D"	243	239	800	963	1038	843	1126	1410	737
"27"	"T177C"	1	3	145	129	163	20	128	151	117
"28"	"T177E"	1	52	204	160	258	31	187	260	300
"29"	"T177Q"	40	7	204	291	246	84	183	218	252
"30"	"T177G"	0	15	193	120	210	13	163	43	35
"31"	"T177H"	40	53	192	425	261	310	206	460	427
"32"	"T177I"	128	53	232	120	281	89	230	151	165
"33"	"T177L"	0	1	2	7	0	0	0	0	0
"34"	"T177K"	199	56	491	392	456	112	485	331	338
"35"	"T177M"	36	23	265	153	240	252	212	174	114
"36"	"T177F"	15	1	166	156	193	53	185	184	132
"37"	"T177P"	2	15	222	37	266	18	234	32	14
"38"	"T177S"	185	98	292	217	297	189	234	332	283
"39"	"T177T"	3280544	2056221	3520167	3282107	3990072	3631757	3209083	3715676	3320250
"40"	"T177W"	42	8	212	126	213	13	193	84	121
"41"	"T177Y"	30	6	154	150	189	26	146	190	111
"42"	"T177V"	37	14	190	105	183	18	185	121	169
"43"	"T177X"	0	0	0	0	2	0	2	0	0
"44"	"T177B"	0	0	0	0	0	0	0	0	3
"45"	"P178A"	144	116	284	138	352	261	237	191	207
"46"	"P178R"	50	23	255	119	262	154	224	138	161
"47"	"P178N"	65	46	226	115	271	185	171	183	226
"48"	"P178D"	510	268	267	209	292	591	241	340	232
"49"	"P178C"	23	28	243	96	266	78	216	91	56
"50"	"P178E"	54	28	211	149	263	35	215	290	140
"51"	"P178Q"	27	65	310	273	342	185	336	217	116
"52"	"P178G"	82	192	214	223	247	348	189	256	140
"53"	"P178H"	186	127	725	411	667	222	564	373	386
"54"	"P178I"	1	385	424	722	494	338	469	362	310
"55"	"P178L"	203	99	438	161	579	171	421	201	195
"56"	"P178K"	25	14	262	97	309	48	256	119	102
"57"	"P178M"	23	13	204	81	231	4	185	30	96
"58"	"P178F"	100	5	320	57	384	1	224	125	99
"59"	"P178P"	3279656	2055533	3519300	3283532	3989310	3631016	3208895	3718295	3322571
"60"	"P178S"	663	132	576	338	609	670	486	516	543
"61"	"P178T"	266	145	909	412	850	236	857	415	384
"62"	"P178W"	55	20	219	58	286	19	205	50	41
"63"	"P178Y"	11	10	269	134	288	38	231	68	48
"64"	"P178V"	1	24	216	64	252	4	175	73	170
"65"	"P178X"	0	1	1	0	2	0	0	0	0
"66"	"P178B"	0	0	0	0	0	0	0	0	0
"67"	"F179A"	24	27	288	24	344	48	241	30	35
"68"	"F179R"	82	85	418	85	466	110	383	77	75
"69"	"F179N"	26	15	369	54	423	60	321	56	50
"70"	"F179D"	24	18	586	27	624	23	500	46	70
"71"	"F179C"	19	33	415	76	470	31	410	83	9
"72"	"F179E"	5	68	514	70	632	89	578	27	61
"73"	"F179Q"	73	7	354	35	364	18	281	58	21
"74"	"F179G"	36	17	451	60	479	19	398	42	87
"75"	"F179H"	16	36	330	28	369	19	261	36	15
"76"	"F179I"	36	50	393	45	487	173	352	50	64
"77"	"F179L"	635	366	1168	684	1262	1057	1069	722	644
"78"	"F179K"	42	21	500	42	554	57	435	52	15
"79"	"F179M"	44	3	405	48	469	12	339	91	66
"80"	"F179F"	3280570	2056088	3516938	3285223	3986544	3632150	3206733	3720107	3324257
"81"	"F179P"	29	8	392	74	472	43	320	18	63
"82"	"F179S"	342	318	1109	469	1251	408	1004	474	361
"83"	"F179T"	5	2	254	24	243	36	165	15	15
"84"	"F179W"	20	4	150	103	146	5	126	140	123
"85"	"F179Y"	50	55	443	137	498	200	482	143	136
"86"	"F179V"	67	53	395	81	458	46	399	66	56
"87"	"F179X"	0	0	1	0	1	0	0	0	0
"88"	"F179B"	0	0	0	0	0	0	0	0	0
"89"	"P180A"	96	33	601	736	702	124	549	1041	577
"90"	"P180R"	90	22	328	252	431	111	346	204	187
"91"	"P180N"	75	135	464	424	624	228	427	416	503
"92"	"P180D"	70	61	630	629	690	255	543	708	506
"93"	"P180C"	84	77	467	370	590	132	394	839	344
"94"	"P180E"	65	43	673	861	728	35	577	1072	1000
"95"	"P180Q"	81	52	451	313	505	54	410	464	374
"96"	"P180G"	4	4	199	116	220	27	137	131	57
"97"	"P180H"	249	151	966	487	880	309	735	697	581
"98"	"P180I"	99	29	427	299	556	244	395	397	354
"99"	"P180L"	231	103	539	310	712	112	439	521	395
"100"	"P180K"	37	46	637	474	716	81	529	570	410
"101"	"P180M"	81	69	527	273	611	44	495	377	263
"102"	"P180F"	48	79	580	298	645	146	481	372	316
"103"	"P180P"	3280267	2056017	3515668	3280016	3984816	3631996	3205859	3712593	3318576
"104"	"P180S"	175	100	498	282	564	306	432	411	405
"105"	"P180T"	180	146	782	444	946	147	744	725	507
"106"	"P180W"	24	17	351	191	414	51	349	196	214
"107"	"P180Y"	42	42	521	233	548	106	417	262	278
"108"	"P180V"	147	48	561	381	654	96	539	337	375
"109"	"P180X"	0	0	1	0	2	0	0	0	1
"110"	"P180B"	0	0	2	0	2	0	0	0	0
"111"	"D181A"	211	120	354	410	455	250	351	425	541
"112"	"D181R"	61	91	308	218	311	369	278	276	201
"113"	"D181N"	320	245	718	560	887	327	733	595	518
"114"	"D181D"	3277731	2053270	3516664	3278982	3985646	3627699	3205973	3713542	3318413
"115"	"D181C"	77	148	384	162	436	300	357	385	244
"116"	"D181E"	428	215	736	833	975	500	602	853	794
"117"	"D181Q"	105	130	366	452	393	70	342	284	395
"118"	"D181G"	341	265	1029	617	1129	364	1012	636	620
"119"	"D181H"	174	132	354	406	394	296	347	335	296
"120"	"D181I"	200	121	289	311	408	224	287	406	236
"121"	"D181L"	126	531	779	469	776	756	739	447	289
"122"	"D181K"	179	119	312	276	356	324	288	341	272
"123"	"D181M"	298	220	883	634	1032	373	998	667	445
"124"	"D181F"	94	133	395	354	524	307	372	268	192
"125"	"D181P"	997	353	385	665	414	482	320	664	448
"126"	"D181S"	79	150	281	301	299	153	240	286	431
"127"	"D181T"	34	308	298	451	361	545	286	594	731
"128"	"D181W"	147	128	183	139	254	112	157	131	146
"129"	"D181Y"	369	330	685	737	955	722	686	814	666
"130"	"D181V"	174	265	470	412	551	431	429	384	345
"131"	"D181X"	0	0	0	0	0	0	0	0	0
"132"	"D181B"	0	0	0	0	0	0	0	0	0
"133"	"S182A"	75	157	755	457	841	304	756	553	626
"134"	"S182R"	232	43	418	278	451	75	409	266	233
"135"	"S182N"	93	24	480	363	568	148	421	488	607
"136"	"S182D"	45	58	625	914	749	58	492	891	810
"137"	"S182C"	190	53	386	281	555	359	410	421	328
"138"	"S182E"	114	79	550	485	668	211	421	614	629
"139"	"S182Q"	150	46	381	433	476	121	434	495	467
"140"	"S182G"	11	10	203	136	234	69	198	255	157
"141"	"S182H"	35	18	367	489	456	69	388	334	282
"142"	"S182I"	25	35	400	351	540	176	437	364	299
"143"	"S182L"	26	12	496	251	563	79	458	329	292
"144"	"S182K"	152	73	427	302	575	214	346	481	348
"145"	"S182M"	21	20	445	245	514	30	356	367	280
"146"	"S182F"	147	97	570	265	635	201	506	426	357
"147"	"S182P"	532	318	921	695	1025	644	827	843	707
"148"	"S182S"	3279965	2055928	3516519	3279445	3985459	3631340	3206150	3713182	3317603
"149"	"S182T"	59	72	556	465	577	267	503	457	416
"150"	"S182W"	38	42	384	460	435	83	317	246	246
"151"	"S182Y"	149	120	592	545	673	110	540	758	1113
"152"	"S182V"	78	69	387	529	551	46	421	560	405
"153"	"S182X"	8	0	11	0	11	0	7	3	18
"154"	"S182B"	0	0	0	0	0	0	0	0	0
"155"	"S183A"	0	0	0	0	0	0	0	0	0
"156"	"S183R"	378	207	934	560	1015	502	755	666	576
"157"	"S183N"	374	288	813	764	935	569	735	828	689
"158"	"S183D"	62	82	279	232	397	22	301	472	321
"159"	"S183C"	131	136	576	399	693	346	526	436	389
"160"	"S183E"	188	358	545	680	593	438	476	494	680
"161"	"S183Q"	0	0	0	0	0	0	0	0	0
"162"	"S183G"	1116	658	2406	2106	2858	1357	2227	2906	2331
"163"	"S183H"	39	61	305	407	389	91	255	274	312
"164"	"S183I"	405	244	719	426	896	289	669	489	435
"165"	"S183L"	216	309	385	605	529	874	395	607	675
"166"	"S183K"	16	12	239	76	326	0	183	220	147
"167"	"S183M"	110	110	439	903	491	332	445	695	426
"168"	"S183F"	141	23	461	331	488	51	396	497	352
"169"	"S183P"	13	52	476	87	518	90	457	137	51
"170"	"S183S"	3278437	2054304	3515722	3278185	3984486	3628372	3205506	3712307	3317541
"171"	"S183T"	61	46	325	196	453	584	314	294	306
"172"	"S183W"	375	286	495	506	526	582	404	453	483
"173"	"S183Y"	53	68	297	418	384	79	344	325	329
"174"	"S183V"	30	28	456	508	579	26	408	233	180
"175"	"S183X"	0	2	1	0	0	0	1	0	0
"176"	"S183B"	0	0	0	0	0	0	0	0	0
"177"	"T184A"	330	187	981	382	1254	395	867	461	385
"178"	"T184R"	26	20	703	73	635	81	518	60	49
"179"	"T184N"	156	100	565	299	687	273	487	282	251
"180"	"T184D"	64	28	316	92	475	87	264	66	99
"181"	"T184C"	107	26	447	226	558	131	400	173	116
"182"	"T184E"	57	0	333	62	420	63	367	63	67
"183"	"T184Q"	24	4	424	66	496	283	372	161	55
"184"	"T184G"	19	13	386	163	462	69	292	108	57
"185"	"T184H"	48	5	413	83	479	30	332	42	106
"186"	"T184I"	135	78	586	255	641	209	470	324	244
"187"	"T184L"	102	31	339	209	439	158	313	233	210
"188"	"T184K"	5	2	312	59	420	28	344	49	32
"189"	"T184M"	54	21	381	112	417	64	275	142	116
"190"	"T184F"	109	50	449	217	541	281	393	134	129
"191"	"T184P"	62	29	422	43	502	119	417	62	57
"192"	"T184S"	150	65	499	210	538	172	405	180	191
"193"	"T184T"	3280473	2056460	3516764	3284329	3985879	3631815	3206974	3719401	3323513
"194"	"T184W"	11	38	412	50	558	8	339	78	82
"195"	"T184Y"	140	28	517	95	492	146	395	92	195
"196"	"T184V"	73	89	621	364	660	192	572	221	269
"197"	"T184X"	0	0	3	0	3	0	1	1	0
"198"	"T184B"	0	0	0	0	0	0	0	0	0
"199"	"H185A"	0	0	0	0	0	1	0	1	0
"200"	"H185R"	368	202	878	729	999	275	785	691	624
"201"	"H185N"	198	176	1237	353	1096	422	944	453	462
"202"	"H185D"	72	76	369	166	404	15	329	166	132
"203"	"H185C"	121	25	358	221	490	55	334	217	256
"204"	"H185E"	1	17	436	264	484	24	336	314	293
"205"	"H185Q"	402	111	872	531	983	170	820	818	544
"206"	"H185G"	47	22	329	132	382	52	299	147	171
"207"	"H185H"	3280002	2055917	3512736	3281219	3983151	3631671	3203518	3715934	3319960
"208"	"H185I"	278	138	3151	417	2419	449	2566	460	461
"209"	"H185L"	192	89	758	296	782	442	690	296	194
"210"	"H185K"	30	33	341	313	421	220	373	308	312
"211"	"H185M"	22	20	555	397	636	110	500	472	292
"212"	"H185F"	24	30	428	98	445	7	295	65	65
"213"	"H185P"	25	30	351	15	404	25	324	82	40
"214"	"H185S"	11	31	471	436	502	79	440	391	339
"215"	"H185T"	60	79	632	1121	640	144	528	763	1493
"216"	"H185W"	13	35	420	149	479	49	330	61	76
"217"	"H185Y"	210	175	1035	287	1174	348	921	338	264
"218"	"H185V"	69	68	516	245	664	46	464	355	245
"219"	"H185X"	0	0	0	0	1	0	1	0	0
"220"	"H185B"	0	0	0	0	0	0	0	1	0
"221"	"R186A"	0	1	0	0	0	1	0	2	0
"222"	"R186R"	3277756	2052907	3514752	3274202	3982984	3628287	3205312	3706927	3313326
"223"	"R186N"	56	148	396	595	509	177	399	743	436
"224"	"R186D"	47	57	329	287	444	444	272	535	352
"225"	"R186C"	624	728	705	600	768	788	551	1067	683
"226"	"R186E"	131	34	373	753	548	42	318	627	734
"227"	"R186Q"	54	39	377	550	448	156	396	571	418
"228"	"R186G"	62	38	511	228	680	90	493	236	268
"229"	"R186H"	914	613	2714	2489	3407	1076	1973	2429	1802
"230"	"R186I"	476	289	388	577	434	224	315	689	706
"231"	"R186L"	476	542	863	943	1030	856	755	1469	1383
"232"	"R186K"	94	54	345	372	380	119	334	650	452
"233"	"R186M"	363	738	548	1021	634	761	483	954	883
"234"	"R186F"	367	108	468	832	600	215	375	1042	842
"235"	"R186P"	70	23	257	347	345	57	280	403	330
"236"	"R186S"	259	206	962	871	1046	451	781	1059	804
"237"	"R186T"	50	356	517	755	669	139	466	845	750
"238"	"R186W"	72	101	237	322	293	224	217	468	389
"239"	"R186Y"	138	270	657	1024	729	363	638	882	1163
"240"	"R186V"	136	22	468	585	600	134	433	735	492
"241"	"R186X"	0	0	6	0	7	0	4	0	8
"242"	"R186B"	0	0	0	36	1	0	2	0	2
"243"	"R187A"	0	0	0	0	0	1	1	1	0
"244"	"R187R"	3279985	2055678	3515018	3284820	3983413	3632462	3204873	3718963	3323485
"245"	"R187N"	61	13	404	15	467	39	333	33	33
"246"	"R187D"	38	42	458	31	580	28	400	37	60
"247"	"R187C"	198	181	1105	275	1337	235	1032	321	349
"248"	"R187E"	54	4	495	84	613	41	499	82	136
"249"	"R187Q"	1	32	298	82	417	68	334	77	42
"250"	"R187G"	46	26	443	226	617	114	439	447	232
"251"	"R187H"	787	277	895	469	1153	443	850	594	475
"252"	"R187I"	64	44	478	48	583	10	410	178	42
"253"	"R187L"	256	209	942	340	1003	392	755	386	356
"254"	"R187K"	13	91	660	152	770	66	578	166	72
"255"	"R187M"	61	27	503	152	645	119	456	190	137
"256"	"R187F"	23	87	909	181	928	104	898	101	163
"257"	"R187P"	64	171	471	35	602	90	451	84	106
"258"	"R187S"	255	214	992	312	1198	196	891	289	275
"259"	"R187T"	108	27	665	57	766	82	561	106	69
"260"	"R187W"	11	2	331	28	405	4	305	60	51
"261"	"R187Y"	12	88	344	44	361	91	273	51	84
"262"	"R187V"	108	61	461	38	696	19	458	166	56
"263"	"R187X"	0	0	1	0	2	0	0	1	0
"264"	"R187B"	0	0	0	0	0	0	0	0	0
"265"	"L188A"	46	85	359	175	362	172	310	340	288
"266"	"L188R"	17	38	274	102	275	36	244	106	89
"267"	"L188N"	80	40	491	383	483	96	427	444	375
"268"	"L188D"	99	39	545	370	588	266	475	407	343
"269"	"L188C"	83	37	446	331	501	241	386	200	303
"270"	"L188E"	85	88	593	392	697	212	531	465	425
"271"	"L188Q"	33	59	355	238	338	29	293	188	199
"272"	"L188G"	17	8	401	263	495	93	399	202	415
"273"	"L188H"	149	54	463	249	545	130	389	256	248
"274"	"L188I"	181	102	552	530	650	257	502	543	590
"275"	"L188L"	3280068	2055697	3515994	3280228	3986001	3631122	3205857	3714522	3318441
"276"	"L188K"	70	53	679	582	678	127	674	457	441
"277"	"L188M"	122	215	783	468	713	379	691	555	571
"278"	"L188F"	142	231	840	434	850	153	817	430	354
"279"	"L188P"	652	286	832	781	878	589	756	999	820
"280"	"L188S"	99	37	354	159	399	46	323	249	362
"281"	"L188T"	104	40	447	522	536	98	414	763	667
"282"	"L188W"	41	70	420	195	436	211	406	208	213
"283"	"L188Y"	2	9	419	198	397	44	376	317	127
"284"	"L188V"	55	86	626	789	731	303	527	682	952
"285"	"L188X"	0	0	0	0	2	0	0	0	0
"286"	"L188B"	0	0	0	0	1	0	0	0	0
"287"	"F189A"	68	15	432	109	522	108	444	20	26
"288"	"F189R"	52	59	483	73	495	3	433	51	13
"289"	"F189N"	15	21	510	44	519	78	484	34	11
"290"	"F189D"	23	17	401	23	441	30	392	40	21
"291"	"F189C"	49	17	280	43	285	12	233	29	14
"292"	"F189E"	96	3	625	60	585	65	615	60	31
"293"	"F189Q"	59	24	348	31	394	0	288	18	38
"294"	"F189G"	39	12	435	31	483	34	400	46	34
"295"	"F189H"	29	1	340	29	402	2	340	24	10
"296"	"F189I"	105	38	430	82	524	86	432	134	68
"297"	"F189L"	717	451	1077	721	1295	843	977	753	695
"298"	"F189K"	87	7	379	9	410	21	331	34	55
"299"	"F189M"	19	10	482	22	564	19	479	55	42
"300"	"F189F"	3280040	2056021	3516069	3285184	3985580	3632111	3205576	3719685	3324173
"301"	"F189P"	55	19	430	59	494	2	398	33	25
"302"	"F189S"	474	288	1342	440	1540	675	1210	612	451
"303"	"F189T"	19	28	500	22	543	65	423	43	5
"304"	"F189W"	59	129	389	264	476	276	400	533	345
"305"	"F189Y"	72	60	423	83	489	87	490	90	108
"306"	"F189V"	68	51	496	58	506	86	448	38	58
"307"	"F189X"	0	3	2	2	8	1	1	1	0
"308"	"F189B"	0	0	0	0	1	0	3	0	0
"309"	"H190A"	1	0	6	0	7	1	11	2	2
"310"	"H190R"	460	229	1124	546	1553	456	1171	825	571
"311"	"H190N"	253	154	766	296	779	280	623	362	422
"312"	"H190D"	76	25	241	43	281	63	239	44	20
"313"	"H190C"	6	18	265	49	300	27	285	60	49
"314"	"H190E"	4	25	364	50	407	105	314	67	86
"315"	"H190Q"	269	107	692	453	783	118	629	324	295
"316"	"H190G"	38	5	458	33	564	80	412	49	35
"317"	"H190H"	3279504	2055958	3514531	3282998	3984903	3630714	3204402	3717584	3322163
"318"	"H190I"	31	47	289	136	344	16	276	52	69
"319"	"H190L"	101	51	399	145	462	89	386	241	200
"320"	"H190K"	10	11	260	77	360	30	310	61	48
"321"	"H190M"	36	19	386	103	459	78	337	203	150
"322"	"H190F"	51	43	318	265	428	156	334	336	202
"323"	"H190P"	106	33	460	49	610	32	450	65	70
"324"	"H190S"	0	10	264	68	290	3	285	54	32
"325"	"H190T"	118	24	411	234	492	85	414	287	205
"326"	"H190W"	30	48	327	186	281	101	240	198	224
"327"	"H190Y"	673	336	541	1273	728	1951	646	1194	1010
"328"	"H190V"	378	131	3770	384	2522	219	3033	325	370
"329"	"H190X"	0	0	1	1	1	0	0	0	0
"330"	"H190B"	0	0	0	0	2	0	0	0	0
"331"	"K191A"	27	8	324	35	416	96	336	88	101
"332"	"K191R"	616	227	1498	1000	1699	475	1388	1303	975
"333"	"K191N"	53	43	487	140	555	78	419	139	106
"334"	"K191D"	3	57	349	14	462	83	318	68	11
"335"	"K191C"	34	66	1118	1177	912	193	1032	472	774
"336"	"K191E"	465	251	2094	580	2457	485	1972	599	369
"337"	"K191Q"	25	25	358	109	430	56	370	171	68
"338"	"K191G"	51	35	326	53	405	0	329	83	35
"339"	"K191H"	15	39	432	136	471	11	347	160	244
"340"	"K191I"	32	51	619	161	685	142	510	105	171
"341"	"K191L"	371	16	311	164	376	34	374	240	170
"342"	"K191K"	3280080	2056204	3514719	3283069	3983931	3632534	3204487	3718104	3322380
"343"	"K191M"	12	17	322	217	416	51	321	139	186
"344"	"K191F"	38	33	530	111	634	51	440	84	87
"345"	"K191P"	0	39	351	55	453	17	302	17	20
"346"	"K191S"	132	18	372	69	412	109	350	83	163
"347"	"K191T"	34	68	428	97	413	80	365	164	112
"348"	"K191W"	76	8	281	53	363	0	256	31	16
"349"	"K191Y"	22	9	413	35	447	30	357	97	97
"350"	"K191V"	36	30	484	84	573	19	488	152	101
"351"	"K191X"	23	30	56	30	45	60	36	34	37
"352"	"K191B"	0	0	1	0	1	0	0	0	0
"353"	"S192A"	111	79	332	331	375	20	319	451	303
"354"	"S192R"	23	33	501	232	579	29	466	297	153
"355"	"S192N"	75	156	587	228	667	60	509	412	345
"356"	"S192D"	108	39	487	552	581	46	409	462	325
"357"	"S192C"	386	67	376	408	487	134	356	350	423
"358"	"S192E"	45	84	265	205	342	128	226	251	199
"359"	"S192Q"	0	0	0	0	0	0	0	0	0
"360"	"S192G"	1	97	521	325	524	70	370	334	242
"361"	"S192H"	0	0	0	0	0	0	0	0	0
"362"	"S192I"	357	146	375	440	400	269	327	443	434
"363"	"S192L"	238	192	781	536	890	308	746	650	565
"364"	"S192K"	1	17	296	104	325	13	275	136	114
"365"	"S192M"	50	127	832	422	883	1012	857	654	476
"366"	"S192F"	231	58	618	455	576	230	477	561	428
"367"	"S192P"	237	210	710	585	788	481	688	561	560
"368"	"S192S"	3279482	2055472	3515749	3281002	3985799	3630797	3205579	3714789	3320023
"369"	"S192T"	291	128	1746	439	1323	400	1574	418	414
"370"	"S192W"	32	57	389	196	468	114	329	340	280
"371"	"S192Y"	76	31	523	313	672	86	510	417	353
"372"	"S192V"	244	184	437	429	459	235	445	625	437
"373"	"S192X"	157	97	348	187	417	170	333	181	149
"374"	"S192B"	0	0	0	0	1	2	2	1	0
"375"	"D193A"	14	13	385	28	487	77	333	48	70
"376"	"D193R"	34	8	338	22	443	72	399	60	39
"377"	"D193N"	200	136	708	388	837	95	752	268	229
"378"	"D193D"	3280669	2056160	3516323	3285150	3985473	3632246	3205861	3719875	3323982
"379"	"D193C"	31	13	424	102	564	252	420	93	84
"380"	"D193E"	281	200	821	422	1052	269	757	349	378
"381"	"D193Q"	16	31	499	102	525	157	504	83	49
"382"	"D193G"	323	253	977	325	1169	395	887	524	503
"383"	"D193H"	37	14	380	32	434	26	343	124	41
"384"	"D193I"	24	55	330	23	378	32	293	19	116
"385"	"D193L"	11	31	421	35	467	26	361	32	24
"386"	"D193K"	33	81	363	99	468	80	335	79	109
"387"	"D193M"	10	28	619	41	720	24	528	114	186
"388"	"D193F"	25	14	538	75	665	195	527	68	36
"389"	"D193P"	21	16	378	89	437	61	372	67	41
"390"	"D193S"	3	0	202	54	179	12	183	26	29
"391"	"D193T"	104	53	448	88	461	116	411	143	69
"392"	"D193W"	103	20	595	94	615	164	613	76	39
"393"	"D193Y"	147	105	602	156	674	214	476	201	156
"394"	"D193V"	59	43	522	64	508	91	442	83	43
"395"	"D193X"	0	0	0	0	0	0	0	1	0
"396"	"D193B"	0	0	0	0	0	0	0	0	0
"397"	"G194A"	108	27	512	190	630	103	491	200	272
"398"	"G194R"	33	27	323	171	439	31	403	142	113
"399"	"G194N"	59	73	729	195	811	92	567	212	229
"400"	"G194D"	236	90	749	235	860	228	656	351	214
"401"	"G194C"	317	198	864	333	1044	225	812	347	239
"402"	"G194E"	150	96	625	179	784	32	589	84	182
"403"	"G194Q"	7	46	514	226	679	332	616	202	295
"404"	"G194G"	3279457	2055932	3515287	3283783	3984208	3631778	3205182	3718700	3323081
"405"	"G194H"	22	21	383	160	520	10	444	217	120
"406"	"G194I"	46	134	366	47	441	373	325	193	62
"407"	"G194L"	37	73	476	138	533	21	389	104	105
"408"	"G194K"	52	24	479	129	479	80	375	193	98
"409"	"G194M"	31	11	281	77	351	19	228	65	47
"410"	"G194F"	71	9	554	167	573	101	448	127	141
"411"	"G194P"	37	18	383	145	466	51	396	42	21
"412"	"G194S"	207	165	614	302	720	218	506	366	288
"413"	"G194T"	37	15	478	154	605	148	440	170	102
"414"	"G194W"	335	150	770	411	850	526	711	212	291
"415"	"G194Y"	616	7	446	144	457	34	340	122	119
"416"	"G194V"	287	158	1039	202	1101	202	877	284	204
"417"	"G194X"	0	0	0	1	5	0	2	0	0
"418"	"G194B"	0	0	1	0	0	0	0	0	0
"419"	"S195A"	0	0	0	0	0	0	0	0	0
"420"	"S195R"	282	152	551	369	704	226	458	358	388
"421"	"S195N"	249	127	496	379	593	255	471	427	560
"422"	"S195D"	23	19	290	94	319	0	243	127	166
"423"	"S195C"	163	84	475	219	506	95	402	461	304
"424"	"S195E"	30	25	333	125	371	77	261	185	196
"425"	"S195Q"	0	0	0	0	0	0	0	0	0
"426"	"S195G"	497	287	1294	693	1486	544	1251	939	822
"427"	"S195H"	179	21	268	123	322	11	228	181	122
"428"	"S195I"	250	165	668	390	792	293	637	325	391
"429"	"S195L"	46	58	390	221	405	68	428	144	161
"430"	"S195K"	42	20	446	382	528	69	372	394	254
"431"	"S195M"	19	6	326	78	378	49	343	121	86
"432"	"S195F"	8	20	351	59	395	4	330	84	88
"433"	"S195P"	31	18	384	60	389	29	394	46	65
"434"	"S195S"	3280107	2056053	3518104	3283478	3987688	3632489	3207592	3717605	3321751
"435"	"S195T"	124	130	347	463	404	168	353	581	491
"436"	"S195W"	88	66	507	157	567	111	465	66	138
"437"	"S195Y"	0	6	284	11	264	1	250	146	84
"438"	"S195V"	7	17	359	88	443	115	319	143	156
"439"	"S195X"	0	0	0	0	2	0	0	0	0
"440"	"S195B"	0	0	0	0	0	0	0	0	0
"441"	"T196A"	360	241	1217	1087	1386	358	1086	1046	1001
"442"	"T196R"	34	60	335	208	318	21	319	202	160
"443"	"T196N"	134	121	502	339	577	133	444	315	315
"444"	"T196D"	26	25	378	181	484	75	290	226	240
"445"	"T196C"	169	146	620	419	628	302	698	345	385
"446"	"T196E"	41	72	897	940	754	82	762	510	674
"447"	"T196Q"	67	27	420	439	499	122	398	313	322
"448"	"T196G"	44	61	546	47	622	66	446	157	191
"449"	"T196H"	50	14	347	152	389	50	323	237	181
"450"	"T196I"	146	60	480	260	505	158	387	239	213
"451"	"T196L"	0	0	4	1	1	0	3	0	0
"452"	"T196K"	56	75	309	265	356	197	285	584	465
"453"	"T196M"	24	38	316	415	378	78	316	511	376
"454"	"T196F"	147	20	309	93	334	37	244	125	114
"455"	"T196P"	9	13	324	97	468	33	332	119	55
"456"	"T196S"	124	103	416	267	472	294	473	337	264
"457"	"T196T"	3280519	2056092	3516946	3281356	3986780	3632399	3206615	3716214	3320463
"458"	"T196W"	116	14	645	131	658	49	577	215	196
"459"	"T196Y"	13	57	429	232	419	21	363	252	218
"460"	"T196V"	66	35	432	459	528	129	434	386	389
"461"	"T196X"	0	0	1	1	0	0	1	0	0
"462"	"T196B"	0	0	0	0	0	0	1	0	1
"463"	"V197A"	402	227	1222	766	1488	417	1178	697	677
"464"	"V197R"	0	0	1	0	0	0	0	0	0
"465"	"V197N"	2	13	212	66	273	1	183	93	53
"466"	"V197D"	103	57	613	255	564	114	542	331	237
"467"	"V197C"	0	0	0	0	0	0	0	0	0
"468"	"V197E"	178	19	370	267	446	0	372	396	364
"469"	"V197Q"	31	18	336	103	408	20	338	145	185
"470"	"V197G"	44	12	531	59	572	67	544	79	55
"471"	"V197H"	1	7	557	61	509	43	439	79	57
"472"	"V197I"	221	213	492	455	539	238	401	613	485
"473"	"V197L"	30	40	303	247	295	50	260	239	336
"474"	"V197K"	49	1	339	107	396	2	313	141	97
"475"	"V197M"	6	3	266	257	298	394	256	212	247
"476"	"V197F"	240	198	682	323	765	298	551	392	330
"477"	"V197P"	15	0	188	47	200	4	147	31	27
"478"	"V197S"	15	30	367	185	404	45	393	209	144
"479"	"V197T"	33	13	357	230	469	204	367	236	171
"480"	"V197W"	1	1	239	44	243	115	181	22	65
"481"	"V197Y"	25	23	412	371	394	95	311	430	519
"482"	"V197V"	3280749	2056399	3518386	3283546	3988288	3632497	3208020	3717988	3322174
"483"	"V197X"	0	0	0	0	4	0	0	0	0
"484"	"V197B"	0	0	0	0	1	0	1	0	0
"485"	"S198A"	76	66	483	444	626	126	480	567	449
"486"	"S198R"	14	129	282	329	355	458	268	296	330
"487"	"S198N"	178	106	423	544	568	170	402	392	384
"488"	"S198D"	105	131	808	1135	835	215	716	799	841
"489"	"S198C"	865	752	509	456	659	1014	506	547	507
"490"	"S198E"	188	142	1729	849	1302	325	1358	901	726
"491"	"S198Q"	124	156	521	624	620	40	462	654	581
"492"	"S198G"	152	26	481	302	595	137	441	249	250
"493"	"S198H"	159	38	393	291	420	60	296	250	207
"494"	"S198I"	68	144	372	406	421	108	402	489	363
"495"	"S198L"	0	1	5	0	1	1	1	9	6
"496"	"S198K"	126	57	412	303	535	19	397	373	296
"497"	"S198M"	826	533	608	1080	707	601	608	1036	974
"498"	"S198F"	316	137	464	703	557	525	397	584	681
"499"	"S198P"	489	269	913	627	967	479	797	699	577
"500"	"S198S"	3277694	2053905	3515126	3276911	3984875	3628509	3205092	3711965	3316783
"501"	"S198T"	122	112	473	432	531	286	459	355	445
"502"	"S198W"	71	125	440	528	492	124	400	574	513
"503"	"S198Y"	371	380	1063	828	1054	1230	955	1179	852
"504"	"S198V"	201	65	368	597	436	177	350	414	458
"505"	"S198X"	0	0	0	0	0	0	10	1	0
"506"	"S198B"	0	0	0	0	0	0	0	0	0
"507"	"V199A"	281	159	774	316	937	259	787	453	362
"508"	"V199R"	0	0	0	0	0	0	0	0	0
"509"	"V199N"	66	15	379	100	433	0	343	35	37
"510"	"V199D"	34	17	348	39	409	44	368	34	25
"511"	"V199C"	0	0	0	0	0	0	0	0	0
"512"	"V199E"	62	59	284	72	349	79	280	77	94
"513"	"V199Q"	22	1	460	61	607	43	463	53	52
"514"	"V199G"	41	50	413	35	529	19	450	47	43
"515"	"V199H"	41	42	336	57	497	44	372	72	108
"516"	"V199I"	70	38	273	161	399	208	238	254	191
"517"	"V199L"	238	195	703	338	809	193	626	413	275
"518"	"V199K"	5	12	352	69	412	18	299	55	28
"519"	"V199M"	177	94	622	190	691	181	559	215	219
"520"	"V199F"	43	61	432	56	541	120	414	33	41
"521"	"V199P"	25	36	497	78	590	84	485	48	42
"522"	"V199S"	10	14	507	81	544	89	437	77	59
"523"	"V199T"	46	29	415	272	552	8	375	196	174
"524"	"V199W"	13	17	471	95	538	22	421	90	87
"525"	"V199Y"	43	43	446	50	563	324	376	57	83
"526"	"V199V"	3280928	2056391	3518160	3285319	3987153	3632869	3207503	3720124	3324303
"527"	"V199X"	0	0	1	0	3	0	1	0	0
"528"	"V199B"	0	1	0	0	0	0	0	0	0
"529"	"P200A"	131	41	699	613	649	64	522	609	682
"530"	"P200R"	53	22	353	126	419	68	361	172	136
"531"	"P200N"	35	11	270	96	376	222	254	139	171
"532"	"P200D"	54	27	587	631	699	207	591	821	857
"533"	"P200C"	30	107	427	142	468	30	460	234	171
"534"	"P200E"	155	86	473	553	471	118	341	574	350
"535"	"P200Q"	85	14	378	294	460	72	350	441	370
"536"	"P200G"	21	6	545	109	621	5	401	97	64
"537"	"P200H"	212	163	780	524	864	281	672	481	492
"538"	"P200I"	26	40	276	110	310	301	271	195	165
"539"	"P200L"	278	243	676	386	787	244	621	496	342
"540"	"P200K"	22	70	660	306	572	152	512	353	433
"541"	"P200M"	305	67	522	238	561	64	497	333	416
"542"	"P200F"	27	31	442	338	396	23	299	178	203
"543"	"P200P"	3279173	2055495	3515182	3280407	3984807	3630010	3205293	3714433	3319084
"544"	"P200S"	876	474	1497	1171	1604	1511	1438	1274	1143
"545"	"P200T"	183	135	982	701	1069	530	845	792	556
"546"	"P200W"	205	201	385	330	526	583	366	312	296
"547"	"P200Y"	212	14	333	102	436	58	291	118	143
"548"	"P200V"	62	27	406	212	459	61	412	281	149
"549"	"P200X"	0	0	0	0	2	0	0	0	0
"550"	"P200B"	0	0	0	0	0	0	0	0	0
"551"	"M201A"	24	8	260	78	273	33	242	36	27
"552"	"M201R"	56	34	357	11	348	16	304	36	16
"553"	"M201N"	74	20	407	15	449	70	395	31	29
"554"	"M201D"	0	0	0	0	0	0	1	0	0
"555"	"M201C"	0	0	0	0	0	0	0	0	0
"556"	"M201E"	12	19	417	23	417	90	353	18	20
"557"	"M201Q"	32	19	389	22	435	0	325	24	24
"558"	"M201G"	94	248	603	245	614	267	557	45	79
"559"	"M201H"	0	0	0	0	1	0	0	0	0
"560"	"M201I"	464	317	1657	608	1521	545	1583	539	510
"561"	"M201L"	33	28	485	105	592	348	425	53	53
"562"	"M201K"	126	32	314	90	350	94	286	66	57
"563"	"M201M"	3280162	2055575	3516954	3284704	3987074	3631243	3206495	3720009	3324083
"564"	"M201F"	170	430	395	553	494	484	342	602	635
"565"	"M201P"	15	20	348	19	413	20	360	22	8
"566"	"M201S"	144	176	950	297	909	493	890	178	136
"567"	"M201T"	379	170	1126	349	1153	459	1147	354	320
"568"	"M201W"	78	40	552	55	681	206	483	37	30
"569"	"M201Y"	0	0	0	0	0	0	0	0	0
"570"	"M201V"	282	138	654	215	832	236	609	283	196
"571"	"M201X"	0	0	5	0	0	0	0	0	0
"572"	"M201B"	0	0	0	0	0	0	0	0	0
"573"	"M202A"	28	6	363	39	385	53	287	34	26
"574"	"M202R"	19	6	347	35	426	116	360	41	18
"575"	"M202N"	12	23	445	54	577	88	446	45	77
"576"	"M202D"	0	0	0	0	0	0	0	0	0
"577"	"M202C"	0	0	0	0	0	0	0	0	0
"578"	"M202E"	3	37	502	36	485	55	429	42	77
"579"	"M202Q"	31	3	460	106	507	21	464	126	112
"580"	"M202G"	69	10	409	12	404	34	343	26	33
"581"	"M202H"	0	0	0	0	0	0	0	0	0
"582"	"M202I"	439	309	1050	534	1189	380	965	460	490
"583"	"M202L"	46	67	348	191	435	230	302	163	136
"584"	"M202K"	75	25	405	111	403	149	361	102	72
"585"	"M202M"	3280416	2056193	3518104	3285390	3987929	3632649	3208002	3720335	3324326
"586"	"M202F"	1	43	263	39	286	16	205	18	19
"587"	"M202P"	110	47	385	54	409	46	328	46	10
"588"	"M202S"	0	73	549	38	528	59	456	39	46
"589"	"M202T"	567	214	1213	302	1458	304	1013	470	351
"590"	"M202W"	71	13	432	103	447	65	312	40	64
"591"	"M202Y"	0	0	0	0	0	0	0	0	0
"592"	"M202V"	258	205	598	345	686	339	524	346	366
"593"	"M202X"	0	0	0	0	2	0	0	0	0
"594"	"M202B"	0	0	0	0	0	0	0	0	0
"595"	"A203A"	3279262	2055784	3513228	3281696	3983727	3630960	3203415	3716243	3320551
"596"	"A203R"	52	19	387	143	470	19	366	163	199
"597"	"A203N"	18	2	432	54	413	32	342	118	87
"598"	"A203D"	290	166	878	383	781	286	736	313	368
"599"	"A203C"	39	76	434	374	476	66	408	242	311
"600"	"A203E"	47	77	369	237	406	166	365	327	368
"601"	"A203Q"	58	63	660	505	790	277	678	509	387
"602"	"A203G"	143	48	578	167	650	93	505	328	218
"603"	"A203H"	77	14	313	346	397	106	340	476	340
"604"	"A203I"	31	8	389	222	449	150	366	218	183
"605"	"A203L"	0	0	0	1	5	0	2	0	1
"606"	"A203K"	34	17	378	296	467	34	306	276	221
"607"	"A203M"	54	38	361	239	413	20	279	334	435
"608"	"A203F"	21	12	383	117	411	14	362	172	182
"609"	"A203P"	559	111	4125	479	2965	862	3526	329	352
"610"	"A203S"	250	129	431	327	476	208	356	307	281
"611"	"A203T"	794	474	1168	1056	1551	879	1103	1193	1098
"612"	"A203W"	85	33	448	209	500	52	486	168	139
"613"	"A203Y"	35	18	295	65	358	27	255	72	79
"614"	"A203V"	296	185	616	471	848	352	601	545	423
"615"	"A203X"	0	0	0	0	1	0	0	0	0
"616"	"A203B"	0	0	0	2	2	1	0	0	0
"617"	"Q204A"	0	0	0	0	0	0	0	0	0
"618"	"Q204R"	326	216	791	434	1002	494	769	502	404
"619"	"Q204N"	82	66	352	152	440	84	285	280	160
"620"	"Q204D"	5	117	442	172	528	108	363	157	245
"621"	"Q204C"	134	130	2017	268	1358	270	1790	297	312
"622"	"Q204E"	38	18	224	76	325	28	256	60	144
"623"	"Q204Q"	3277962	2055860	3516088	3280016	3985447	3631858	3205821	3714722	3319608
"624"	"Q204G"	60	31	440	202	620	29	418	192	155
"625"	"Q204H"	335	187	942	552	1185	300	937	535	421
"626"	"Q204I"	97	40	396	445	475	23	325	410	289
"627"	"Q204L"	260	161	434	665	561	114	467	749	569
"628"	"Q204K"	164	74	463	303	550	171	403	405	244
"629"	"Q204M"	403	27	352	556	478	56	363	643	476
"630"	"Q204F"	17	11	241	228	324	52	195	32	53
"631"	"Q204P"	40	27	452	96	511	91	445	75	54
"632"	"Q204S"	0	0	0	0	0	0	0	0	0
"633"	"Q204T"	67	12	383	264	507	64	392	326	325
"634"	"Q204W"	19	2	401	62	445	47	336	42	60
"635"	"Q204Y"	19	12	319	167	373	0	250	98	81
"636"	"Q204V"	168	49	482	681	576	86	423	418	512
"637"	"Q204X"	1	0	0	0	2	0	1	0	0
"638"	"Q204B"	1948	234	654	2050	849	729	558	2390	2111
"639"	"T205A"	679	331	1065	837	1217	552	995	1168	721
"640"	"T205R"	2	42	430	461	492	234	358	565	454
"641"	"T205N"	236	249	481	513	599	247	387	641	543
"642"	"T205D"	283	120	515	487	577	235	492	375	334
"643"	"T205C"	46	14	575	415	685	201	527	445	317
"644"	"T205E"	132	41	575	434	622	222	526	511	649
"645"	"T205Q"	110	32	371	731	428	153	312	367	524
"646"	"T205G"	51	132	572	314	636	24	483	240	142
"647"	"T205H"	29	30	289	195	350	37	266	271	293
"648"	"T205I"	296	304	478	455	628	502	383	578	541
"649"	"T205L"	445	80	625	407	615	155	538	498	450
"650"	"T205K"	40	24	280	157	272	20	178	202	199
"651"	"T205M"	9	46	301	296	319	48	229	241	237
"652"	"T205F"	18	29	381	369	389	97	298	580	393
"653"	"T205P"	33	29	414	237	524	64	345	250	277
"654"	"T205S"	319	67	317	295	418	381	326	303	260
"655"	"T205T"	3279145	2055158	3516770	3279164	3986151	3630780	3207020	3713214	3318226
"656"	"T205W"	62	158	544	694	584	84	408	747	650
"657"	"T205Y"	53	126	314	371	382	167	252	489	438
"658"	"T205V"	157	262	573	557	667	401	472	647	575
"659"	"T205X"	0	0	3	0	0	0	2	1	0
"660"	"T205B"	0	0	0	0	1	0	0	0	0
"661"	"N206A"	27	100	326	440	336	53	295	635	327
"662"	"N206R"	10	16	689	701	681	31	624	200	455
"663"	"N206N"	3279340	2055705	3515412	3280192	3984571	3631490	3205385	3714358	3319297
"664"	"N206D"	1138	517	2635	1980	3117	959	2279	2926	2254
"665"	"N206C"	13	37	330	236	419	83	329	230	233
"666"	"N206E"	122	102	422	277	449	138	372	324	226
"667"	"N206Q"	58	30	386	222	448	12	348	234	322
"668"	"N206G"	30	138	444	407	423	41	380	496	392
"669"	"N206H"	46	14	387	235	384	118	321	213	199
"670"	"N206I"	102	16	300	92	315	51	292	154	79
"671"	"N206L"	31	81	443	315	553	98	433	359	330
"672"	"N206K"	191	85	480	292	624	253	436	272	284
"673"	"N206M"	27	11	378	457	439	48	308	306	311
"674"	"N206F"	45	48	367	91	418	169	307	173	167
"675"	"N206P"	14	43	427	40	453	130	376	24	16
"676"	"N206S"	453	264	989	670	1216	674	895	792	728
"677"	"N206T"	175	24	344	269	377	101	368	153	200
"678"	"N206W"	202	8	332	253	430	0	292	203	117
"679"	"N206Y"	95	29	278	151	354	112	317	207	111
"680"	"N206V"	26	6	504	69	548	43	439	74	175
"681"	"N206X"	0	0	0	0	0	0	0	0	0
"682"	"N206B"	0	0	0	0	1	0	1	0	0
"683"	"K207A"	119	93	395	570	440	7	397	370	631
"684"	"K207R"	349	323	1125	1137	1246	667	987	1109	1055
"685"	"K207N"	532	478	827	1122	980	545	731	1296	1019
"686"	"K207D"	372	148	442	394	516	327	362	975	484
"687"	"K207C"	319	224	492	569	545	539	474	496	439
"688"	"K207E"	716	634	1235	1069	1463	642	1138	1448	1131
"689"	"K207Q"	230	170	755	949	794	302	668	909	1167
"690"	"K207G"	55	32	358	351	447	65	338	463	332
"691"	"K207H"	140	229	811	904	807	390	758	804	835
"692"	"K207I"	67	193	652	622	722	394	578	655	444
"693"	"K207L"	236	317	626	866	725	716	566	854	983
"694"	"K207K"	3277011	2052625	3514205	3274409	3983359	3625824	3204248	3707803	3312962
"695"	"K207M"	369	187	430	521	509	745	374	450	637
"696"	"K207F"	430	348	387	667	455	964	290	579	431
"697"	"K207P"	79	80	766	382	787	343	758	595	383
"698"	"K207S"	59	35	336	397	403	148	325	520	351
"699"	"K207T"	132	152	450	441	552	154	395	573	840
"700"	"K207W"	338	372	706	698	738	799	628	798	698
"701"	"K207Y"	350	477	432	547	526	845	392	714	576
"702"	"K207V"	179	97	399	713	489	131	358	885	792
"703"	"K207X"	0	0	0	0	0	0	0	1	0
"704"	"K207B"	63	60	44	61	53	57	32	36	33
"705"	"F208A"	259	12	431	64	457	65	433	72	32
"706"	"F208R"	11	18	440	14	519	29	447	45	30
"707"	"F208N"	19	34	418	67	522	73	365	114	87
"708"	"F208D"	55	22	584	40	723	41	455	46	31
"709"	"F208C"	112	34	546	54	721	45	530	92	70
"710"	"F208E"	108	67	514	108	737	20	472	103	72
"711"	"F208Q"	8	17	369	39	472	12	345	82	30
"712"	"F208G"	22	77	432	33	566	63	366	79	34
"713"	"F208H"	18	9	331	94	452	93	326	81	134
"714"	"F208I"	167	74	427	253	543	188	380	387	228
"715"	"F208L"	575	313	1004	807	1159	595	952	779	780
"716"	"F208K"	26	58	570	47	790	272	529	85	65
"717"	"F208M"	24	17	325	213	328	54	268	121	165
"718"	"F208F"	3279671	2055702	3515739	3283927	3984261	3631767	3205325	3718019	3322913
"719"	"F208P"	31	77	553	72	513	52	530	52	56
"720"	"F208S"	294	312	1235	492	1361	366	1219	499	440
"721"	"F208T"	42	31	546	107	638	20	454	95	53
"722"	"F208W"	561	255	578	512	753	602	645	652	466
"723"	"F208Y"	101	83	354	209	415	136	322	353	218
"724"	"F208V"	41	62	475	237	625	111	432	577	319
"725"	"F208X"	0	0	2	0	1	0	2	0	0
"726"	"F208B"	0	0	0	0	0	0	0	0	0
