	"Variants"	"4640-LH-1_ACAGTG"	"4640-LH-1_ACTTGA"	"4640-LH-1_ATCACG"	"4640-LH-1_CAGATC"	"4640-LH-1_CGATGT"	"4640-LH-1_CTTGTA"	"4640-LH-1_GCCAAT"	"4640-LH-1_TGACCA"	"4640-LH-1_TTAGGC"
"1"	"Q57A"	0	0	0	0	0	0	0	0	0
"2"	"Q57R"	875	583	1523	952	1808	1064	1791	801	1164
"3"	"Q57N"	64	152	442	260	607	65	453	214	196
"4"	"Q57D"	15	61	497	100	579	34	493	105	108
"5"	"Q57C"	235	56	761	195	920	448	998	299	150
"6"	"Q57E"	61	76	355	155	482	61	395	97	193
"7"	"Q57Q"	4577033	2743776	4443281	4490059	5284066	4538876	4760550	4523140	4321252
"8"	"Q57G"	8	51	378	190	572	90	450	97	121
"9"	"Q57H"	366	327	1061	746	1408	498	1177	578	589
"10"	"Q57I"	87	19	451	187	671	348	493	49	223
"11"	"Q57L"	153	87	483	182	626	204	465	163	151
"12"	"Q57K"	397	225	556	285	688	273	589	213	290
"13"	"Q57M"	200	551	936	318	1226	398	1171	343	543
"14"	"Q57F"	30	72	595	286	715	45	649	228	115
"15"	"Q57P"	68	129	1057	202	1224	394	1158	306	155
"16"	"Q57S"	0	0	0	0	0	0	0	0	0
"17"	"Q57T"	103	23	538	66	657	215	546	173	208
"18"	"Q57W"	125	26	598	57	685	74	603	107	86
"19"	"Q57Y"	14	48	655	164	678	104	616	84	80
"20"	"Q57V"	42	21	413	98	575	178	466	59	63
"21"	"Q57X"	0	0	4	0	8	1	8	0	0
"22"	"Q57B"	339	271	628	966	852	404	611	914	1119
"23"	"I58A"	51	111	460	142	621	99	652	118	123
"24"	"I58R"	84	39	715	40	790	85	667	41	17
"25"	"I58N"	60	88	463	162	578	97	452	99	292
"26"	"I58D"	18	105	724	113	803	96	736	71	33
"27"	"I58C"	97	12	787	33	865	63	678	90	43
"28"	"I58E"	8	75	599	46	748	41	674	139	48
"29"	"I58Q"	199	113	589	123	824	55	773	111	190
"30"	"I58G"	5	19	591	95	648	196	702	60	86
"31"	"I58H"	38	24	560	112	606	83	610	65	137
"32"	"I58I"	4577568	2744477	4442734	4491453	5284151	4540563	4759976	4524278	4322921
"33"	"I58L"	136	200	488	439	577	191	583	445	437
"34"	"I58K"	36	101	564	69	706	286	641	49	77
"35"	"I58M"	45	107	512	473	649	166	594	368	482
"36"	"I58F"	255	121	634	481	731	126	619	307	274
"37"	"I58P"	35	29	571	42	658	406	598	67	23
"38"	"I58S"	99	46	487	95	529	37	488	107	63
"39"	"I58T"	525	323	1070	512	1269	664	1195	460	540
"40"	"I58W"	569	123	1151	133	1266	86	1308	187	109
"41"	"I58Y"	19	71	570	61	708	135	614	140	129
"42"	"I58V"	368	370	939	844	1319	299	1118	767	782
"43"	"I58X"	0	0	4	0	1	0	1	1	0
"44"	"I58B"	0	0	0	0	0	0	3	0	0
"45"	"Q59A"	131	167	360	350	458	149	487	502	388
"46"	"Q59R"	738	521	2046	1284	2265	1337	2131	1361	961
"47"	"Q59N"	82	47	435	274	646	132	492	243	369
"48"	"Q59D"	158	81	664	243	845	36	806	143	271
"49"	"Q59C"	172	95	614	329	836	122	556	303	297
"50"	"Q59E"	200	146	596	639	754	170	721	449	648
"51"	"Q59Q"	4575268	2743514	4439294	4485770	5279674	4537514	4756317	4519421	4317858
"52"	"Q59G"	358	117	722	233	1006	246	874	209	390
"53"	"Q59H"	283	196	664	522	867	215	733	454	502
"54"	"Q59I"	137	143	634	1004	783	112	752	621	878
"55"	"Q59L"	314	126	612	271	801	339	682	238	340
"56"	"Q59K"	476	334	1217	528	1407	579	1330	390	519
"57"	"Q59M"	101	100	572	283	708	161	609	328	316
"58"	"Q59F"	95	61	473	227	599	319	481	223	145
"59"	"Q59P"	438	46	871	64	920	157	820	163	164
"60"	"Q59S"	167	41	479	454	628	238	518	448	316
"61"	"Q59T"	216	190	628	461	693	130	692	488	452
"62"	"Q59W"	128	131	582	309	782	176	685	279	264
"63"	"Q59Y"	113	24	490	369	604	601	612	308	241
"64"	"Q59V"	78	112	573	830	713	415	617	750	877
"65"	"Q59X"	562	362	2685	1024	3058	624	2767	649	604
"66"	"Q59B"	0	0	1	0	0	2	0	0	6
"67"	"A60A"	4574326	2743521	4443305	4483192	5284478	4533465	4760737	4517001	4315686
"68"	"A60R"	419	182	827	1422	1038	299	912	1353	1404
"69"	"A60N"	147	170	878	1382	945	186	919	921	1153
"70"	"A60D"	481	409	844	1338	1136	318	1018	1270	1156
"71"	"A60C"	152	237	766	675	933	251	809	628	651
"72"	"A60E"	405	309	834	713	1037	706	899	869	1068
"73"	"A60Q"	0	0	0	0	0	0	0	1	0
"74"	"A60G"	145	163	738	688	854	703	817	704	761
"75"	"A60H"	0	0	0	0	0	0	0	0	0
"76"	"A60I"	53	19	440	144	533	1129	457	237	119
"77"	"A60L"	61	110	700	356	808	547	665	453	338
"78"	"A60K"	165	57	449	785	568	2497	466	551	859
"79"	"A60M"	268	183	535	298	648	582	547	348	311
"80"	"A60F"	221	48	430	361	626	639	551	401	268
"81"	"A60P"	212	43	480	196	537	158	438	96	75
"82"	"A60S"	229	132	333	309	399	167	373	270	242
"83"	"A60T"	650	160	850	1038	1036	396	859	1154	1196
"84"	"A60W"	249	256	704	440	923	159	724	311	220
"85"	"A60Y"	1325	196	1050	859	1233	752	1236	393	420
"86"	"A60V"	707	359	1049	1272	1314	820	1255	1009	879
"87"	"A60X"	0	0	0	0	1	0	0	0	0
"88"	"A60B"	0	0	0	0	0	0	0	0	0
"89"	"A61A"	4578113	2744465	4444064	4490562	5285285	4540431	4761771	4523709	4322589
"90"	"A61R"	79	34	518	132	655	233	557	91	68
"91"	"A61N"	50	72	418	164	566	205	497	127	200
"92"	"A61D"	198	213	775	288	1017	335	676	275	302
"93"	"A61C"	47	35	616	237	684	88	685	402	212
"94"	"A61E"	62	81	568	307	704	80	583	208	162
"95"	"A61Q"	56	118	599	318	676	76	619	225	178
"96"	"A61G"	228	119	676	529	1045	155	731	587	602
"97"	"A61H"	27	229	717	244	830	533	862	212	267
"98"	"A61I"	106	126	503	421	618	70	511	211	255
"99"	"A61L"	0	0	9	0	3	0	1	1	0
"100"	"A61K"	14	25	472	269	612	163	493	141	235
"101"	"A61M"	198	32	893	172	980	49	920	201	173
"102"	"A61F"	34	41	414	116	533	2	420	40	52
"103"	"A61P"	123	66	722	137	864	194	751	112	166
"104"	"A61S"	354	194	672	488	773	421	673	510	486
"105"	"A61T"	252	188	733	458	901	335	857	381	315
"106"	"A61W"	136	22	726	133	949	0	874	210	74
"107"	"A61Y"	0	282	467	193	611	71	526	50	53
"108"	"A61V"	138	212	649	300	733	333	668	277	417
"109"	"A61X"	0	0	1	0	8	0	7	0	0
"110"	"A61B"	0	0	0	0	0	0	0	0	0
"111"	"M62A"	23	26	333	65	372	18	295	32	121
"112"	"M62R"	102	20	543	46	719	168	674	82	64
"113"	"M62N"	95	7	427	120	546	111	540	39	210
"114"	"M62D"	0	0	0	0	0	0	0	0	0
"115"	"M62C"	0	0	0	0	0	0	0	0	0
"116"	"M62E"	33	18	451	49	508	65	434	72	101
"117"	"M62Q"	165	94	584	257	720	358	504	310	250
"118"	"M62G"	2	8	482	82	637	108	518	174	91
"119"	"M62H"	0	0	0	0	0	0	0	0	0
"120"	"M62I"	740	606	1987	982	2084	623	2122	867	835
"121"	"M62L"	314	242	598	353	779	399	629	335	471
"122"	"M62K"	78	104	531	108	618	209	609	91	102
"123"	"M62M"	4577592	2744660	4445381	4492062	5287478	4539550	4763248	4524725	4323301
"124"	"M62F"	4	94	543	50	629	35	526	53	117
"125"	"M62P"	33	32	516	63	557	89	499	33	76
"126"	"M62S"	36	52	413	50	534	178	460	105	93
"127"	"M62T"	553	270	880	531	1039	671	864	403	475
"128"	"M62W"	34	26	625	185	769	662	729	150	99
"129"	"M62Y"	0	0	0	0	0	0	0	0	0
"130"	"M62V"	411	295	914	462	1054	530	1022	499	400
"131"	"M62X"	0	0	4	2	2	0	9	0	0
"132"	"M62B"	0	0	0	1	2	0	0	0	0
"133"	"G63A"	99	46	429	324	587	81	503	190	171
"134"	"G63R"	294	263	898	784	1031	331	959	678	692
"135"	"G63N"	31	42	337	130	398	8	356	190	127
"136"	"G63D"	42	135	362	332	567	186	480	152	89
"137"	"G63C"	101	71	530	189	531	24	474	117	115
"138"	"G63E"	193	158	503	473	731	201	540	296	325
"139"	"G63Q"	50	65	470	215	592	267	589	305	309
"140"	"G63G"	4576824	2743895	4437852	4489322	5278663	4539071	4754862	4522974	4322422
"141"	"G63H"	70	89	459	307	577	204	528	238	221
"142"	"G63I"	103	28	435	62	462	59	446	24	52
"143"	"G63L"	24	56	382	208	552	72	448	64	83
"144"	"G63K"	53	56	296	232	474	48	309	270	227
"145"	"G63M"	148	44	482	220	642	292	608	120	149
"146"	"G63F"	27	75	484	44	663	74	522	116	45
"147"	"G63P"	132	45	462	132	641	308	511	84	144
"148"	"G63S"	423	186	2924	540	2934	582	3026	452	400
"149"	"G63T"	18	129	533	124	646	230	566	161	67
"150"	"G63W"	45	24	555	46	695	0	486	47	78
"151"	"G63Y"	34	37	493	222	625	33	757	105	90
"152"	"G63V"	323	220	985	455	1189	262	1011	386	287
"153"	"G63X"	1181	890	5341	1107	5847	1440	5700	1001	713
"154"	"G63B"	0	0	0	0	0	1	1	0	0
"155"	"F64A"	123	152	625	624	608	76	655	286	221
"156"	"F64R"	215	80	1116	483	1153	1300	1335	268	268
"157"	"F64N"	312	34	459	136	545	51	504	109	107
"158"	"F64D"	36	394	702	209	872	173	766	103	103
"159"	"F64C"	110	60	545	107	612	164	545	119	167
"160"	"F64E"	57	52	625	109	735	146	574	105	105
"161"	"F64Q"	144	209	535	118	592	74	549	158	171
"162"	"F64G"	15	12	495	107	637	82	612	68	105
"163"	"F64H"	18	22	537	142	600	29	523	87	95
"164"	"F64I"	32	112	490	314	559	279	531	136	130
"165"	"F64L"	835	450	1159	856	1481	703	1254	968	824
"166"	"F64K"	190	81	516	84	663	75	476	61	86
"167"	"F64M"	71	30	561	274	634	32	581	327	360
"168"	"F64F"	4576951	2743780	4441695	4489650	5283401	4538538	4758794	4523542	4322233
"169"	"F64P"	36	123	839	150	822	179	956	67	129
"170"	"F64S"	859	563	2248	1049	2675	1325	2685	720	753
"171"	"F64T"	12	91	366	143	471	31	413	50	136
"172"	"F64W"	16	147	693	432	735	250	776	324	275
"173"	"F64Y"	103	82	537	348	618	113	621	342	343
"174"	"F64V"	80	80	467	133	630	154	531	128	195
"175"	"F64X"	0	0	2	0	4	0	1	2	0
"176"	"F64B"	0	0	0	0	0	0	0	0	0
"177"	"K65A"	44	288	664	373	930	397	831	351	361
"178"	"K65R"	752	487	1567	1321	1795	903	1761	1196	1095
"179"	"K65N"	629	538	1359	1410	1749	797	1460	1592	1502
"180"	"K65D"	664	153	894	1161	976	815	911	860	792
"181"	"K65C"	49	138	529	487	656	78	576	591	676
"182"	"K65E"	930	773	2878	1520	3507	1633	3037	1481	1519
"183"	"K65Q"	87	83	586	574	676	296	567	357	369
"184"	"K65G"	106	76	630	574	732	342	697	366	544
"185"	"K65H"	153	26	665	696	682	259	700	270	297
"186"	"K65I"	168	77	443	78	553	336	499	130	162
"187"	"K65L"	26	145	609	228	756	141	592	167	266
"188"	"K65K"	4575650	2742956	4439576	4483980	5280173	4535332	4756965	4518177	4317018
"189"	"K65M"	140	165	704	227	812	244	720	219	271
"190"	"K65F"	19	74	364	107	590	61	406	217	135
"191"	"K65P"	30	143	622	359	717	110	579	246	209
"192"	"K65S"	71	36	285	328	425	155	342	301	335
"193"	"K65T"	60	70	638	269	675	142	630	234	242
"194"	"K65W"	381	41	985	780	1122	1070	1147	533	389
"195"	"K65Y"	48	118	501	382	593	111	601	195	142
"196"	"K65V"	119	102	568	478	757	408	557	380	355
"197"	"K65X"	0	0	14	0	10	2	10	0	0
"198"	"K65B"	89	65	131	136	161	142	94	107	127
"199"	"I66A"	52	85	661	289	723	842	696	271	357
"200"	"I66R"	30	133	686	213	753	31	646	131	122
"201"	"I66N"	67	77	484	205	619	87	474	117	116
"202"	"I66D"	84	15	479	358	545	95	420	71	109
"203"	"I66C"	70	50	439	169	589	187	456	117	118
"204"	"I66E"	19	91	434	149	491	69	460	160	198
"205"	"I66Q"	154	84	1112	300	1347	297	1275	167	144
"206"	"I66G"	98	60	580	161	719	177	690	211	153
"207"	"I66H"	1	56	386	134	479	169	499	121	100
"208"	"I66I"	4577490	2743825	4442616	4489575	5284447	4538061	4760500	4522208	4321496
"209"	"I66L"	91	83	533	449	643	253	597	296	453
"210"	"I66K"	107	145	570	257	610	233	551	177	163
"211"	"I66M"	145	76	742	401	907	43	762	483	538
"212"	"I66F"	141	136	527	265	720	219	563	335	239
"213"	"I66P"	8	115	380	150	545	765	439	290	140
"214"	"I66S"	124	159	786	228	910	460	882	382	365
"215"	"I66T"	292	230	732	468	808	470	764	600	519
"216"	"I66W"	190	185	875	288	1022	471	885	282	233
"217"	"I66Y"	628	428	1073	540	943	200	989	649	473
"218"	"I66V"	424	521	1106	869	1218	645	1125	902	770
"219"	"I66X"	0	0	11	0	9	0	8	0	0
"220"	"I66B"	0	0	0	0	0	0	1	0	0
"221"	"D67A"	26	26	453	343	513	184	475	301	277
"222"	"D67R"	71	64	382	130	444	47	416	259	139
"223"	"D67N"	356	241	788	522	1039	514	922	626	651
"224"	"D67D"	4576503	2743272	4440898	4485727	5284077	4538061	4758652	4520275	4318199
"225"	"D67C"	118	78	522	912	555	162	585	360	718
"226"	"D67E"	177	158	364	491	495	313	388	380	356
"227"	"D67Q"	88	191	427	343	486	17	366	369	404
"228"	"D67G"	547	389	1182	856	1264	867	1195	875	848
"229"	"D67H"	118	234	836	1898	815	291	864	891	1557
"230"	"D67I"	421	52	715	396	969	139	821	286	331
"231"	"D67L"	110	75	474	433	546	133	524	279	389
"232"	"D67K"	49	3	318	183	390	203	373	139	158
"233"	"D67M"	0	0	0	0	0	0	0	0	0
"234"	"D67F"	107	100	511	151	596	126	547	311	268
"235"	"D67P"	8	44	319	131	411	1	347	78	84
"236"	"D67S"	486	599	702	828	840	707	921	694	578
"237"	"D67T"	346	168	628	705	702	351	701	515	597
"238"	"D67W"	11	61	544	273	661	232	565	179	252
"239"	"D67Y"	317	260	904	591	1239	428	1092	625	494
"240"	"D67V"	356	539	4244	555	3004	998	3928	528	506
"241"	"D67X"	0	0	0	0	0	0	0	0	0
"242"	"D67B"	0	0	1	0	1	0	0	0	0
"243"	"D68A"	391	81	404	384	507	11	405	212	340
"244"	"D68R"	10	30	365	310	543	258	399	184	152
"245"	"D68N"	261	187	762	369	980	392	958	313	368
"246"	"D68D"	4577344	2743831	4446114	4489328	5287429	4539624	4763463	4523477	4322319
"247"	"D68C"	82	86	456	176	530	44	501	130	103
"248"	"D68E"	300	375	671	1040	955	626	860	753	746
"249"	"D68Q"	116	16	391	334	432	238	437	219	226
"250"	"D68G"	571	781	1069	821	1381	844	1222	711	705
"251"	"D68H"	21	25	302	165	469	120	419	175	88
"252"	"D68I"	8	34	291	98	356	0	297	65	82
"253"	"D68L"	12	27	341	127	473	130	417	60	59
"254"	"D68K"	91	117	348	245	435	91	323	132	145
"255"	"D68M"	18	78	347	172	476	156	394	97	116
"256"	"D68F"	42	68	412	147	478	94	407	96	92
"257"	"D68P"	233	53	314	192	413	45	334	112	127
"258"	"D68S"	150	107	381	398	436	10	359	352	181
"259"	"D68T"	33	49	457	229	521	130	546	254	187
"260"	"D68W"	62	306	470	177	635	344	533	98	187
"261"	"D68Y"	406	215	793	548	999	431	864	396	376
"262"	"D68V"	64	87	522	208	599	186	544	133	207
"263"	"D68X"	0	0	1	0	0	0	0	0	0
"264"	"D68B"	0	1	1	0	0	0	0	1	0
"265"	"K69A"	93	173	502	593	598	433	554	437	421
"266"	"K69R"	576	490	1203	1024	1526	780	1375	1255	1096
"267"	"K69N"	781	538	1988	1851	2043	924	2192	1508	1256
"268"	"K69D"	142	19	710	536	746	367	729	682	519
"269"	"K69C"	63	145	572	342	684	328	577	414	386
"270"	"K69E"	861	785	1873	2893	2197	1168	2100	2547	2743
"271"	"K69Q"	79	163	636	664	684	290	658	696	904
"272"	"K69G"	189	64	509	443	455	135	506	468	482
"273"	"K69H"	60	80	529	450	604	107	505	454	484
"274"	"K69I"	621	93	1037	595	1129	640	1050	402	474
"275"	"K69L"	167	103	550	575	670	175	598	531	358
"276"	"K69K"	4575322	2742327	4440527	4480847	5282392	4534691	4757814	4513704	4313294
"277"	"K69M"	113	114	509	336	567	286	509	547	472
"278"	"K69F"	93	90	655	458	779	168	560	528	366
"279"	"K69P"	52	110	562	966	615	204	661	837	868
"280"	"K69S"	297	454	897	646	1039	1140	1156	499	670
"281"	"K69T"	101	285	523	809	666	694	617	870	667
"282"	"K69W"	72	106	438	282	466	120	451	127	219
"283"	"K69Y"	68	66	418	350	460	242	462	467	526
"284"	"K69V"	422	286	505	700	636	522	540	910	529
"285"	"K69X"	0	0	1	0	5	0	3	0	0
"286"	"K69B"	43	63	68	108	86	360	65	87	72
"287"	"G70A"	112	141	627	410	694	130	662	497	356
"288"	"G70R"	201	220	450	617	527	82	496	333	215
"289"	"G70N"	84	118	512	1335	725	280	555	1140	1415
"290"	"G70D"	763	422	1064	1078	1319	790	1247	1067	1142
"291"	"G70C"	323	394	1049	1176	1318	448	1348	866	879
"292"	"G70E"	185	25	442	627	557	188	530	977	711
"293"	"G70Q"	31	59	708	534	656	333	656	346	506
"294"	"G70G"	4575834	2743149	4444181	4484821	5285716	4538791	4761675	4518315	4316986
"295"	"G70H"	29	137	448	331	449	61	406	317	209
"296"	"G70I"	223	167	428	255	513	23	508	219	283
"297"	"G70L"	76	98	467	386	519	329	444	337	246
"298"	"G70K"	63	111	421	338	561	192	501	296	288
"299"	"G70M"	66	39	408	331	479	180	420	296	452
"300"	"G70F"	924	69	438	293	538	194	459	285	333
"301"	"G70P"	52	49	421	184	578	61	466	181	244
"302"	"G70S"	247	126	915	457	1022	326	992	458	496
"303"	"G70T"	28	147	410	313	527	510	436	318	264
"304"	"G70W"	78	179	482	431	524	339	473	192	269
"305"	"G70Y"	561	600	348	591	485	216	386	696	627
"306"	"G70V"	335	304	979	959	1329	301	1021	832	883
"307"	"G70X"	0	0	13	1	11	0	1	2	1
"308"	"G70B"	0	0	1	0	0	0	0	0	1
"309"	"M71A"	512	152	403	451	416	124	455	508	634
"310"	"M71R"	63	138	762	203	877	564	732	164	168
"311"	"M71N"	335	412	671	849	837	587	762	734	818
"312"	"M71D"	0	0	0	0	0	0	0	0	0
"313"	"M71C"	0	0	0	0	0	0	0	0	0
"314"	"M71E"	143	154	2476	487	1786	323	2510	346	317
"315"	"M71Q"	81	258	511	348	648	145	497	321	554
"316"	"M71G"	12	11	288	35	342	21	350	136	69
"317"	"M71H"	0	0	0	0	0	0	0	0	0
"318"	"M71I"	2117	1666	4197	4428	5234	2421	4739	3991	4235
"319"	"M71L"	125	110	659	366	733	159	662	425	391
"320"	"M71K"	170	110	396	207	540	118	453	151	169
"321"	"M71M"	4573454	2740974	4439030	4483165	5280642	4534997	4755961	4516382	4314952
"322"	"M71F"	26	72	355	244	466	109	462	278	229
"323"	"M71P"	43	101	354	106	421	157	426	84	110
"324"	"M71S"	124	64	506	296	450	207	497	186	361
"325"	"M71T"	1962	1305	2707	2817	3159	2405	3157	2374	2202
"326"	"M71W"	16	136	552	356	623	179	632	410	354
"327"	"M71Y"	0	0	0	0	0	0	0	0	0
"328"	"M71V"	1032	891	1345	1110	1870	1258	1387	1480	1243
"329"	"M71X"	0	0	0	0	2	0	0	0	0
"330"	"M71B"	0	0	0	0	1	0	0	0	0
"331"	"A72A"	4575497	2742641	4440706	4486409	5281810	4537063	4757841	4521060	4319427
"332"	"A72R"	565	168	812	573	875	104	912	188	214
"333"	"A72N"	19	38	256	35	314	1	290	53	78
"334"	"A72D"	293	145	864	355	974	182	873	394	377
"335"	"A72C"	68	276	570	497	705	161	643	502	578
"336"	"A72E"	449	432	1238	999	1357	515	1537	612	715
"337"	"A72Q"	38	161	411	413	542	230	445	209	380
"338"	"A72G"	133	167	767	401	855	163	670	542	406
"339"	"A72H"	401	253	825	449	1016	641	958	365	358
"340"	"A72I"	137	30	403	260	521	191	543	184	126
"341"	"A72L"	58	244	403	300	489	41	439	185	195
"342"	"A72K"	57	124	525	278	684	292	632	199	263
"343"	"A72M"	38	50	388	119	576	237	533	100	122
"344"	"A72F"	40	41	494	215	655	174	508	148	126
"345"	"A72P"	258	152	514	300	662	579	554	245	276
"346"	"A72S"	339	315	972	639	1226	304	1043	581	601
"347"	"A72T"	673	470	1439	911	1865	1195	1630	749	717
"348"	"A72W"	33	78	608	169	676	100	609	177	160
"349"	"A72Y"	87	308	1773	1325	1519	868	1699	338	722
"350"	"A72V"	1032	461	1243	819	1723	733	1320	1139	965
"351"	"A72X"	0	0	1	1	1	0	2	0	0
"352"	"A72B"	0	0	0	1	2	0	1	0	0
"353"	"P73A"	80	55	387	269	469	52	402	268	205
"354"	"P73R"	123	107	369	408	454	106	407	422	321
"355"	"P73N"	22	71	274	409	383	450	291	369	469
"356"	"P73D"	49	142	268	275	333	95	258	399	367
"357"	"P73C"	207	38	529	439	678	404	545	248	520
"358"	"P73E"	123	112	415	278	537	27	394	488	366
"359"	"P73Q"	18	54	355	433	475	340	395	334	307
"360"	"P73G"	18	65	342	242	373	115	273	267	206
"361"	"P73H"	257	92	616	408	484	237	496	356	336
"362"	"P73I"	30	103	407	91	476	148	361	240	262
"363"	"P73L"	261	240	599	765	711	389	627	506	521
"364"	"P73K"	60	133	479	471	542	507	508	431	331
"365"	"P73M"	126	134	420	400	462	130	359	431	520
"366"	"P73F"	24	20	546	189	630	89	549	340	203
"367"	"P73P"	4578030	2744632	4445894	4487804	5288645	4539066	4764761	4520582	4320007
"368"	"P73S"	232	198	626	1014	673	289	588	559	529
"369"	"P73T"	310	208	1392	791	1183	859	1039	1078	664
"370"	"P73W"	18	82	608	249	675	74	730	139	147
"371"	"P73Y"	141	66	344	344	389	117	364	286	171
"372"	"P73V"	86	2	341	189	474	280	335	227	354
"373"	"P73X"	0	0	0	0	1	0	0	0	0
"374"	"P73B"	0	0	1	0	0	0	0	0	0
"375"	"A74A"	4574542	2742900	4447591	4489904	5289165	4535755	4765616	4522443	4321178
"376"	"A74R"	193	60	309	113	359	218	317	134	130
"377"	"A74N"	18	142	275	127	344	42	327	109	154
"378"	"A74D"	170	161	600	266	742	242	589	304	349
"379"	"A74C"	123	64	297	163	458	330	280	212	161
"380"	"A74E"	25	123	206	158	298	176	198	175	202
"381"	"A74Q"	387	29	210	250	250	640	224	194	182
"382"	"A74G"	293	112	424	706	579	137	492	779	693
"383"	"A74H"	19	67	275	108	387	116	328	164	239
"384"	"A74I"	83	24	230	53	328	36	221	117	92
"385"	"A74L"	26	51	217	71	210	98	200	82	50
"386"	"A74K"	41	10	267	127	480	28	305	82	99
"387"	"A74M"	0	9	159	147	227	99	165	57	99
"388"	"A74F"	669	611	264	89	353	1306	283	222	178
"389"	"A74P"	64	102	245	401	309	148	244	234	176
"390"	"A74S"	563	315	893	727	1187	679	940	773	836
"391"	"A74T"	1863	876	1691	1138	2048	1329	1829	1359	1195
"392"	"A74W"	220	112	215	97	281	158	214	59	100
"393"	"A74Y"	681	574	284	515	374	1788	344	294	244
"394"	"A74V"	235	212	555	308	659	449	566	177	449
"395"	"A74X"	0	0	5	0	9	0	0	0	0
"396"	"A74B"	0	0	0	0	0	0	0	0	0
"397"	"L75A"	11	99	271	198	410	1	378	67	144
"398"	"L75R"	29	61	513	290	754	72	556	121	114
"399"	"L75N"	74	57	413	88	567	545	452	57	89
"400"	"L75D"	259	153	811	177	963	733	910	320	117
"401"	"L75C"	12	18	365	212	435	39	407	199	153
"402"	"L75E"	49	25	326	80	414	59	324	100	129
"403"	"L75Q"	30	61	294	143	411	138	340	118	134
"404"	"L75G"	41	74	433	148	553	136	496	117	160
"405"	"L75H"	146	92	726	383	769	101	764	248	321
"406"	"L75I"	274	276	807	543	818	297	683	881	425
"407"	"L75L"	4578241	2744548	4446984	4491133	5288857	4539396	4764868	4523676	4323074
"408"	"L75K"	85	128	443	76	555	210	580	32	87
"409"	"L75M"	20	10	76	98	125	2	118	113	63
"410"	"L75F"	261	346	468	437	617	498	487	793	610
"411"	"L75P"	458	287	781	504	887	628	767	477	434
"412"	"L75S"	14	57	370	71	491	1	416	84	136
"413"	"L75T"	38	9	285	120	357	12	295	41	70
"414"	"L75W"	85	93	295	371	334	294	237	227	257
"415"	"L75Y"	66	83	197	97	256	436	205	115	121
"416"	"L75V"	22	77	354	299	473	176	399	184	168
"417"	"L75X"	0	0	0	0	1	0	0	0	0
"418"	"L75B"	0	0	0	0	0	0	0	0	0
"419"	"R76A"	1	8	69	35	86	73	71	54	34
"420"	"R76R"	4578407	2744556	4451118	4491570	5294146	4539885	4769267	4524720	4323589
"421"	"R76N"	0	21	65	125	89	149	66	30	46
"422"	"R76D"	1	7	121	30	110	9	122	76	30
"423"	"R76C"	49	33	102	232	125	23	101	69	89
"424"	"R76E"	56	8	110	296	170	89	93	188	201
"425"	"R76Q"	941	1313	1427	1679	1675	2163	1739	1404	1386
"426"	"R76G"	29	21	120	85	136	49	112	66	79
"427"	"R76H"	16	3	52	24	75	34	47	58	33
"428"	"R76I"	20	27	85	51	94	75	87	77	51
"429"	"R76L"	249	227	596	411	661	222	594	518	590
"430"	"R76K"	1	0	67	80	84	0	32	35	58
"431"	"R76M"	4	30	114	101	71	111	92	47	68
"432"	"R76F"	23	20	86	60	127	21	85	28	40
"433"	"R76P"	51	18	109	50	184	40	122	49	52
"434"	"R76S"	0	39	49	21	104	0	63	80	45
"435"	"R76T"	0	9	123	96	103	39	129	21	30
"436"	"R76W"	367	192	718	409	903	791	767	354	333
"437"	"R76Y"	0	3	30	87	39	0	43	29	27
"438"	"R76V"	0	17	51	25	65	0	49	66	25
"439"	"R76X"	0	1	0	1	0	0	0	1	0
"440"	"R76B"	0	1	0	0	0	1	1	0	0
"441"	"H77A"	0	0	1	0	0	0	0	0	0
"442"	"H77R"	378	410	686	1140	781	499	765	919	1189
"443"	"H77N"	267	336	809	1381	1012	380	887	1171	1193
"444"	"H77D"	247	182	520	914	662	209	496	911	879
"445"	"H77C"	367	373	636	660	784	216	809	514	640
"446"	"H77E"	138	88	550	779	759	86	541	856	734
"447"	"H77Q"	262	231	577	647	686	207	569	578	815
"448"	"H77G"	75	120	449	516	590	216	524	538	462
"449"	"H77H"	4577021	2742590	4444963	4483029	5286459	4537869	4762265	4517017	4314353
"450"	"H77I"	32	71	497	360	513	85	444	395	397
"451"	"H77L"	170	202	606	450	787	132	682	686	803
"452"	"H77K"	23	333	517	859	598	509	495	871	1571
"453"	"H77M"	0	0	0	0	0	0	0	0	0
"454"	"H77F"	43	175	389	192	527	336	455	359	226
"455"	"H77P"	66	59	402	109	464	84	372	139	137
"456"	"H77S"	134	151	518	515	554	67	576	375	332
"457"	"H77T"	246	328	1263	2067	1622	2161	1910	882	1012
"458"	"H77W"	119	59	461	395	567	131	473	353	578
"459"	"H77Y"	518	790	828	1033	968	446	796	969	1124
"460"	"H77V"	108	55	483	346	642	141	551	340	309
"461"	"H77X"	1	1	55	65	71	0	72	71	51
"462"	"H77B"	0	0	2	11	1	0	0	26	1
"463"	"L78A"	28	41	448	157	555	273	523	81	85
"464"	"L78R"	78	80	497	137	658	427	514	143	136
"465"	"L78N"	157	90	486	204	598	259	480	163	125
"466"	"L78D"	644	209	447	451	661	131	517	209	291
"467"	"L78C"	0	0	0	0	0	0	0	0	0
"468"	"L78E"	55	118	548	241	633	132	594	134	133
"469"	"L78Q"	95	66	582	335	731	397	588	196	216
"470"	"L78G"	113	74	914	197	1105	207	894	233	212
"471"	"L78H"	61	92	619	169	687	195	693	120	139
"472"	"L78I"	925	1084	682	692	808	1169	665	792	984
"473"	"L78L"	4573800	2741764	4444200	4488831	5285240	4535039	4761924	4522230	4320812
"474"	"L78K"	37	26	455	91	515	225	481	175	51
"475"	"L78M"	394	525	789	681	933	762	746	615	546
"476"	"L78F"	806	531	422	369	630	1089	463	455	493
"477"	"L78P"	1145	753	1516	784	1876	1147	1796	684	720
"478"	"L78S"	20	71	455	301	651	0	516	110	133
"479"	"L78T"	113	87	549	209	675	106	500	217	273
"480"	"L78W"	1080	621	609	739	816	1028	686	593	711
"481"	"L78Y"	532	173	397	310	575	414	518	232	269
"482"	"L78V"	132	149	597	570	696	774	584	588	477
"483"	"L78X"	0	0	0	0	4	0	0	0	0
"484"	"L78B"	0	0	0	0	0	0	0	0	0
"485"	"Y79A"	79	77	579	566	666	209	646	556	505
"486"	"Y79R"	108	143	342	690	550	103	444	374	430
"487"	"Y79N"	220	142	574	747	688	188	614	590	913
"488"	"Y79D"	233	244	578	488	796	423	647	704	491
"489"	"Y79C"	1061	733	1655	1387	2079	1613	1717	1370	1301
"490"	"Y79E"	71	143	574	1004	694	134	534	866	729
"491"	"Y79Q"	142	80	420	469	558	280	457	386	510
"492"	"Y79G"	74	78	678	608	874	600	715	486	599
"493"	"Y79H"	2539	1317	1854	2674	2359	1587	2140	2918	2593
"494"	"Y79I"	116	88	508	485	707	178	485	427	385
"495"	"Y79L"	67	127	658	633	855	103	689	540	423
"496"	"Y79K"	74	91	465	510	554	247	496	362	574
"497"	"Y79M"	166	123	603	610	791	244	625	615	634
"498"	"Y79F"	56	119	392	298	505	89	435	361	229
"499"	"Y79P"	27	11	168	36	286	0	239	62	85
"500"	"Y79S"	153	347	504	842	678	173	467	816	1175
"501"	"Y79T"	22	253	569	848	735	157	664	688	703
"502"	"Y79W"	131	102	522	293	637	298	530	506	581
"503"	"Y79Y"	4574305	2741786	4440991	4481261	5280917	4536221	4758381	4514364	4313053
"504"	"Y79V"	206	178	701	489	926	430	839	425	480
"505"	"Y79X"	320	332	1826	470	2135	469	1874	514	364
"506"	"Y79B"	45	40	51	60	57	28	44	40	49
"507"	"K80A"	275	239	646	783	770	807	705	641	780
"508"	"K80R"	650	414	1362	1124	1451	963	1339	1333	1087
"509"	"K80N"	319	212	763	778	933	780	838	744	839
"510"	"K80D"	206	394	479	890	553	29	475	818	805
"511"	"K80C"	206	138	839	932	879	1256	794	912	1027
"512"	"K80E"	954	555	1709	2316	2013	1035	1812	1905	1818
"513"	"K80Q"	580	181	621	753	708	540	584	755	616
"514"	"K80G"	234	189	694	1254	754	52	721	948	748
"515"	"K80H"	244	83	531	709	770	222	664	667	859
"516"	"K80I"	152	103	476	836	544	446	491	853	846
"517"	"K80L"	94	156	578	736	753	411	624	784	813
"518"	"K80K"	4571463	2741576	4442021	4479106	5283618	4534291	4760013	4512486	4311276
"519"	"K80M"	3891	1480	611	1231	674	788	724	1940	1415
"520"	"K80F"	110	93	539	602	690	282	530	507	741
"521"	"K80P"	220	276	567	659	677	507	655	278	401
"522"	"K80S"	37	84	661	516	721	345	594	565	571
"523"	"K80T"	258	126	538	680	726	268	542	487	535
"524"	"K80W"	162	66	547	449	625	108	547	384	424
"525"	"K80Y"	30	62	446	625	494	243	417	458	648
"526"	"K80V"	91	49	519	413	620	267	558	426	469
"527"	"K80X"	1	1	5	0	7	33	2	0	0
"528"	"K80B"	38	77	60	76	67	101	53	79	88
"529"	"E81A"	113	72	487	206	638	128	554	199	215
"530"	"E81R"	173	191	486	214	588	526	454	204	234
"531"	"E81N"	26	73	387	202	568	43	441	323	198
"532"	"E81D"	402	507	1191	1237	1574	517	1244	1324	1171
"533"	"E81C"	139	123	800	570	938	187	984	584	555
"534"	"E81E"	4574397	2742409	4440506	4486592	5282223	4535961	4757857	4519708	4318673
"535"	"E81Q"	150	62	505	357	585	158	626	451	275
"536"	"E81G"	1350	544	2968	939	2967	1435	3227	1009	968
"537"	"E81H"	27	193	476	272	591	135	539	204	141
"538"	"E81I"	466	271	987	400	968	845	943	418	435
"539"	"E81L"	345	204	933	682	918	349	901	494	597
"540"	"E81K"	403	140	770	355	844	510	834	246	385
"541"	"E81M"	36	118	459	272	612	113	442	273	236
"542"	"E81F"	65	66	445	93	631	206	512	119	136
"543"	"E81P"	474	453	842	703	860	1172	803	380	530
"544"	"E81S"	2	0	0	0	0	1	0	1	0
"545"	"E81T"	64	245	336	218	435	292	393	363	245
"546"	"E81W"	153	243	507	187	674	299	615	212	167
"547"	"E81Y"	895	141	659	543	752	132	826	389	435
"548"	"E81V"	173	175	582	452	752	196	635	369	293
"549"	"E81X"	0	0	1	1	0	0	1	0	0
"550"	"E81B"	362	324	885	973	929	569	851	700	917
"551"	"L82A"	241	224	525	242	634	380	524	177	177
"552"	"L82R"	83	209	798	194	947	398	806	164	300
"553"	"L82N"	63	76	522	291	609	82	565	118	142
"554"	"L82D"	65	96	473	112	642	151	503	102	146
"555"	"L82C"	146	260	512	170	648	491	557	193	270
"556"	"L82E"	240	354	644	249	850	409	726	203	223
"557"	"L82Q"	93	182	573	135	627	169	445	127	127
"558"	"L82G"	97	126	463	93	672	111	677	304	214
"559"	"L82H"	185	233	687	273	807	1235	765	201	225
"560"	"L82I"	1510	2025	870	2761	1174	3407	1018	2184	2834
"561"	"L82L"	4573605	2739373	4443495	4487262	5284108	4529503	4760718	4520670	4318719
"562"	"L82K"	179	161	527	202	695	660	601	162	180
"563"	"L82M"	236	329	451	374	575	636	513	537	474
"564"	"L82F"	466	422	614	422	794	1333	626	574	648
"565"	"L82P"	700	508	1257	612	1795	1054	1536	606	591
"566"	"L82S"	346	462	617	205	661	662	555	188	231
"567"	"L82T"	554	432	583	574	698	805	776	309	234
"568"	"L82W"	418	425	540	270	713	857	522	247	381
"569"	"L82Y"	109	92	435	140	595	396	562	136	71
"570"	"L82V"	879	565	620	887	790	1035	673	768	619
"571"	"L82X"	0	0	3	0	13	0	12	0	0
"572"	"L82B"	0	0	3	0	0	0	2	0	0
"573"	"M83A"	33	318	417	717	547	335	471	1037	1019
"574"	"M83R"	476	194	776	838	865	201	805	721	874
"575"	"M83N"	114	147	582	753	734	216	634	521	621
"576"	"M83D"	0	0	0	0	0	1	0	0	0
"577"	"M83C"	0	0	0	0	0	0	0	0	0
"578"	"M83E"	271	107	710	469	880	60	704	465	269
"579"	"M83Q"	246	298	765	1145	909	342	775	963	860
"580"	"M83G"	138	202	662	767	849	214	844	646	586
"581"	"M83H"	0	0	0	0	0	0	0	0	0
"582"	"M83I"	702	611	2158	1792	2317	960	2295	1663	1680
"583"	"M83L"	105	154	600	539	761	450	669	574	604
"584"	"M83K"	74	110	600	444	704	93	596	530	419
"585"	"M83M"	4572401	2740235	4443274	4483960	5284576	4533565	4760845	4516674	4315313
"586"	"M83F"	2082	1577	615	603	801	2778	661	561	671
"587"	"M83P"	1096	502	468	273	614	964	600	317	464
"588"	"M83S"	476	351	689	811	762	175	658	776	1050
"589"	"M83T"	587	618	1179	810	1542	742	1298	1051	888
"590"	"M83W"	953	834	631	449	785	1695	669	549	546
"591"	"M83Y"	0	0	0	0	0	0	0	0	0
"592"	"M83V"	461	292	1069	1079	1393	966	1146	922	941
"593"	"M83X"	0	4	14	3	7	17	11	0	0
"594"	"M83B"	0	0	3	16	1	0	1	0	1
