	"Variants"	"4640-LH-1_ACAGTG"	"4640-LH-1_ACTTGA"	"4640-LH-1_ATCACG"	"4640-LH-1_CAGATC"	"4640-LH-1_CGATGT"	"4640-LH-1_CTTGTA"	"4640-LH-1_GCCAAT"	"4640-LH-1_TGACCA"	"4640-LH-1_TTAGGC"
"1"	"D29A"	135	44	610	227	780	119	661	187	143
"2"	"D29R"	51	36	424	74	605	201	545	97	56
"3"	"D29N"	170	87	553	367	772	240	592	367	340
"4"	"D29D"	4476533	2878609	3552931	3387417	4632486	3971985	3810058	4368885	3813526
"5"	"D29C"	66	51	493	205	706	246	575	250	229
"6"	"D29E"	316	201	719	627	1112	249	821	750	631
"7"	"D29Q"	14	87	366	281	587	60	449	178	253
"8"	"D29G"	444	279	1185	838	1586	524	1364	877	782
"9"	"D29H"	284	153	538	155	757	110	608	265	256
"10"	"D29I"	56	13	377	41	490	0	420	74	38
"11"	"D29L"	14	42	200	50	259	58	260	59	26
"12"	"D29K"	7	57	403	90	552	244	457	149	157
"13"	"D29M"	6	107	400	48	523	90	447	112	62
"14"	"D29F"	236	311	853	240	1048	240	914	352	246
"15"	"D29P"	0	0	132	24	129	18	137	24	25
"16"	"D29S"	667	99	493	105	587	258	527	168	132
"17"	"D29T"	7	71	316	104	414	24	318	201	133
"18"	"D29W"	47	81	535	116	736	58	604	88	197
"19"	"D29Y"	380	398	990	572	1104	467	1048	614	623
"20"	"D29V"	67	89	459	109	564	137	533	137	85
"21"	"D29X"	1	1	15	0	12	0	3	1	0
"22"	"D29B"	0	0	0	0	0	0	0	0	0
"23"	"R30A"	0	0	0	0	0	0	0	0	0
"24"	"R30R"	4472486	2876291	3551220	3384135	4631130	3968530	3808827	4363614	3809359
"25"	"R30N"	115	237	341	250	516	96	430	280	283
"26"	"R30D"	1449	377	393	234	562	806	487	294	523
"27"	"R30C"	471	419	823	436	1103	872	871	930	735
"28"	"R30E"	673	276	259	201	376	274	261	340	240
"29"	"R30Q"	209	347	349	558	495	717	379	548	623
"30"	"R30G"	71	30	780	376	886	103	714	543	603
"31"	"R30H"	1122	737	1329	1213	1785	1078	1490	1594	1205
"32"	"R30I"	109	163	397	182	484	153	377	311	153
"33"	"R30L"	358	325	802	446	1138	307	872	627	455
"34"	"R30K"	213	202	396	529	569	291	471	561	671
"35"	"R30M"	187	82	520	306	562	242	581	473	312
"36"	"R30F"	194	46	440	230	582	124	408	177	149
"37"	"R30P"	28	71	359	59	431	115	363	100	92
"38"	"R30S"	470	435	1922	916	1864	636	1862	1273	866
"39"	"R30T"	188	331	502	576	608	450	565	905	752
"40"	"R30W"	188	41	497	137	651	59	532	181	82
"41"	"R30Y"	745	272	1107	722	1343	345	1291	723	481
"42"	"R30V"	224	134	554	184	717	130	557	361	356
"43"	"R30X"	1	0	2	0	7	0	3	0	0
"44"	"R30B"	0	0	0	0	0	0	0	0	0
"45"	"N31A"	19	74	367	35	442	51	391	48	8
"46"	"N31R"	128	99	418	63	513	23	540	95	29
"47"	"N31N"	4476689	2879425	3554105	3389872	4634178	3973029	3811556	4371457	3816184
"48"	"N31D"	512	324	1186	367	1431	513	1284	579	513
"49"	"N31C"	491	9	426	27	593	14	468	55	15
"50"	"N31E"	18	28	378	34	489	21	372	10	17
"51"	"N31Q"	332	31	360	71	473	119	360	71	39
"52"	"N31G"	14	42	376	98	508	66	450	64	23
"53"	"N31H"	92	29	405	17	396	59	393	34	13
"54"	"N31I"	63	39	373	191	572	151	467	63	79
"55"	"N31L"	18	28	335	10	424	102	367	65	15
"56"	"N31K"	183	136	599	237	845	254	701	283	207
"57"	"N31M"	15	28	501	98	633	109	655	36	54
"58"	"N31F"	25	80	377	28	561	256	418	51	24
"59"	"N31P"	26	21	344	17	407	18	402	40	32
"60"	"N31S"	330	205	672	345	865	271	620	409	320
"61"	"N31T"	102	91	339	72	444	40	413	80	93
"62"	"N31W"	49	27	503	34	747	18	548	203	121
"63"	"N31Y"	367	49	424	43	559	73	457	88	67
"64"	"N31V"	28	50	491	31	725	141	478	104	87
"65"	"N31X"	0	1	11	0	4	0	1	0	0
"66"	"N31B"	0	0	2	0	0	0	0	0	0
"67"	"V32A"	374	220	896	374	1215	460	920	375	448
"68"	"V32R"	0	0	0	0	0	0	1	0	0
"69"	"V32N"	36	31	476	79	628	70	463	99	203
"70"	"V32D"	3	50	443	24	543	67	527	58	25
"71"	"V32C"	0	0	0	0	0	0	0	0	0
"72"	"V32E"	29	33	335	58	504	70	422	88	74
"73"	"V32Q"	98	58	361	205	461	0	429	126	76
"74"	"V32G"	25	48	363	59	520	61	483	82	65
"75"	"V32H"	14	96	546	232	753	410	792	265	234
"76"	"V32I"	30	131	505	1314	716	561	601	1272	1526
"77"	"V32L"	463	253	930	956	1216	393	1062	1109	1052
"78"	"V32K"	22	24	414	52	561	63	436	78	90
"79"	"V32M"	206	187	510	351	774	185	546	410	338
"80"	"V32F"	148	43	432	575	684	139	556	553	532
"81"	"V32P"	40	30	323	31	443	62	394	179	55
"82"	"V32S"	17	29	328	95	489	23	286	81	211
"83"	"V32T"	50	60	382	104	408	309	332	130	98
"84"	"V32W"	63	32	321	90	512	82	334	104	75
"85"	"V32Y"	11	66	375	173	501	33	412	266	142
"86"	"V32V"	4477872	2879425	3555047	3386908	4634880	3972340	3812340	4368560	3812696
"87"	"V32X"	0	0	5	10	1	0	5	0	0
"88"	"V32B"	0	0	0	0	0	0	0	0	0
"89"	"V33A"	346	456	668	457	854	450	762	615	552
"90"	"V33R"	315	11	511	58	591	235	642	46	47
"91"	"V33N"	293	29	410	94	578	35	499	65	68
"92"	"V33D"	121	98	423	42	570	79	414	91	86
"93"	"V33C"	10	117	355	228	496	90	407	290	158
"94"	"V33E"	107	22	371	16	489	97	410	44	22
"95"	"V33Q"	52	24	358	59	537	54	422	29	60
"96"	"V33G"	195	149	901	481	1248	420	1024	526	444
"97"	"V33H"	48	93	625	252	919	321	949	161	146
"98"	"V33I"	318	209	543	450	814	203	603	464	385
"99"	"V33L"	98	90	517	385	806	182	643	463	452
"100"	"V33K"	74	58	408	52	597	54	515	59	34
"101"	"V33M"	909	506	404	308	510	884	423	381	303
"102"	"V33F"	412	256	861	354	1130	487	949	475	411
"103"	"V33P"	37	13	476	38	555	24	512	72	70
"104"	"V33S"	53	70	687	194	745	184	785	122	189
"105"	"V33T"	74	27	430	153	652	53	555	59	97
"106"	"V33W"	20	112	555	85	613	99	517	146	73
"107"	"V33Y"	44	21	419	74	512	4	476	75	68
"108"	"V33V"	4475975	2878455	3553063	3387908	4632586	3971373	3809831	4369652	3814275
"109"	"V33X"	0	0	7	0	7	0	2	0	0
"110"	"V33B"	0	0	0	2	0	0	1	0	0
"111"	"F34A"	2	31	384	51	414	137	412	63	114
"112"	"F34R"	83	89	435	139	542	22	493	19	41
"113"	"F34N"	20	19	422	28	604	118	476	141	40
"114"	"F34D"	23	29	531	49	594	9	585	84	42
"115"	"F34C"	134	132	593	192	734	124	648	276	104
"116"	"F34E"	19	94	604	57	792	237	673	49	53
"117"	"F34Q"	60	44	468	30	542	55	527	27	42
"118"	"F34G"	43	20	439	77	612	173	569	101	67
"119"	"F34H"	86	6	370	38	497	153	412	28	28
"120"	"F34I"	175	110	485	406	725	138	518	575	518
"121"	"F34L"	652	438	1081	694	1478	730	1253	821	722
"122"	"F34K"	284	22	560	156	753	50	684	72	24
"123"	"F34M"	395	132	815	563	936	156	855	783	533
"124"	"F34F"	4476405	2878995	3551716	3387591	4631498	3972144	3808941	4369219	3814102
"125"	"F34P"	101	36	476	130	614	49	459	43	49
"126"	"F34S"	707	450	1852	764	2292	593	1948	751	661
"127"	"F34T"	24	17	370	148	463	50	380	258	245
"128"	"F34W"	30	17	435	47	533	72	521	56	49
"129"	"F34Y"	135	66	394	115	510	182	432	128	140
"130"	"F34V"	123	69	556	415	664	136	546	336	362
"131"	"F34X"	0	0	4	0	10	0	4	5	3
"132"	"F34B"	0	0	2	0	2	0	5	0	1
"133"	"S35A"	25	38	384	193	519	113	438	210	191
"134"	"S35R"	111	34	790	56	849	76	859	37	27
"135"	"S35N"	174	43	581	132	652	407	591	97	61
"136"	"S35D"	40	59	429	44	634	38	483	86	48
"137"	"S35C"	36	116	662	69	692	31	582	70	80
"138"	"S35E"	57	62	509	32	719	44	526	106	44
"139"	"S35Q"	0	0	0	0	1	0	1	0	0
"140"	"S35G"	100	39	381	106	463	14	395	166	129
"141"	"S35H"	0	0	0	0	0	0	0	0	0
"142"	"S35I"	3	30	330	5	500	34	392	26	7
"143"	"S35L"	205	168	783	242	947	198	834	263	454
"144"	"S35K"	6	41	407	30	467	139	452	22	5
"145"	"S35M"	37	27	491	60	542	27	464	49	85
"146"	"S35F"	10	52	292	39	394	47	307	44	37
"147"	"S35P"	515	347	954	351	1239	464	1024	518	358
"148"	"S35S"	4477125	2879310	3552096	3389653	4632390	3972349	3809508	4371425	3815765
"149"	"S35T"	155	72	420	135	552	92	479	131	122
"150"	"S35W"	17	62	489	25	597	79	512	61	33
"151"	"S35Y"	228	29	403	39	559	393	404	53	41
"152"	"S35V"	27	39	468	34	639	34	494	75	43
"153"	"S35X"	630	248	2121	445	2453	749	2596	396	410
"154"	"S35B"	0	0	2	0	1	0	0	0	0
"155"	"P36A"	814	433	601	257	693	436	651	306	332
"156"	"P36R"	74	70	399	62	535	168	500	107	69
"157"	"P36N"	85	113	349	76	346	104	331	80	82
"158"	"P36D"	26	40	328	22	397	50	346	36	38
"159"	"P36C"	396	373	400	239	626	470	492	332	323
"160"	"P36E"	40	57	355	45	478	121	398	42	36
"161"	"P36Q"	3	12	311	53	426	14	331	60	15
"162"	"P36G"	205	188	386	145	514	243	518	137	91
"163"	"P36H"	257	253	880	209	901	233	856	247	188
"164"	"P36I"	190	130	374	104	474	269	419	228	101
"165"	"P36L"	281	230	569	157	816	305	645	307	201
"166"	"P36K"	36	12	359	77	457	87	430	97	33
"167"	"P36M"	43	77	384	26	539	52	400	69	42
"168"	"P36F"	35	60	384	38	568	147	406	91	16
"169"	"P36P"	4473963	2876740	3554383	3388751	4634645	3969581	3811788	4369803	3814564
"170"	"P36S"	770	444	633	309	837	599	707	439	287
"171"	"P36T"	1112	704	693	456	917	634	688	794	714
"172"	"P36W"	34	8	388	37	594	79	482	47	21
"173"	"P36Y"	13	6	298	162	340	110	386	15	53
"174"	"P36V"	1124	866	516	465	702	1626	560	598	733
"175"	"P36X"	0	0	0	0	0	0	0	0	0
"176"	"P36B"	0	0	2	0	4	0	7	0	1
"177"	"Y37A"	114	149	575	314	745	221	617	188	245
"178"	"Y37R"	41	34	251	28	364	10	278	39	54
"179"	"Y37N"	695	101	690	183	825	62	748	286	322
"180"	"Y37D"	84	23	491	88	736	133	559	82	98
"181"	"Y37C"	369	249	731	297	924	552	775	436	324
"182"	"Y37E"	82	27	421	60	561	54	438	28	66
"183"	"Y37Q"	10	52	305	18	412	66	351	56	89
"184"	"Y37G"	27	17	310	112	410	97	401	56	57
"185"	"Y37H"	340	244	988	635	1193	322	1088	385	396
"186"	"Y37I"	31	190	544	383	620	188	569	483	461
"187"	"Y37L"	129	76	277	178	427	94	328	288	273
"188"	"Y37K"	129	44	314	32	504	84	366	62	86
"189"	"Y37M"	0	0	0	0	0	0	0	0	0
"190"	"Y37F"	59	128	324	389	468	62	353	601	361
"191"	"Y37P"	10	53	382	46	420	37	385	53	78
"192"	"Y37S"	89	150	359	116	481	112	363	135	236
"193"	"Y37T"	41	59	434	238	627	222	407	345	207
"194"	"Y37W"	542	604	300	755	389	772	321	812	481
"195"	"Y37Y"	4476555	2878363	3554726	3387448	4634933	3971958	3812339	4369198	3813828
"196"	"Y37V"	92	158	435	308	603	123	507	246	204
"197"	"Y37X"	31	71	112	49	124	142	120	32	50
"198"	"Y37B"	31	24	23	13	43	17	28	24	24
"199"	"G38A"	231	69	422	253	489	136	453	138	110
"200"	"G38R"	250	181	1141	189	1210	283	1274	209	215
"201"	"G38N"	15	56	406	129	546	112	485	88	83
"202"	"G38D"	68	17	372	39	492	21	464	54	51
"203"	"G38C"	27	180	521	43	650	43	587	125	100
"204"	"G38E"	327	189	1536	185	1460	232	1522	294	195
"205"	"G38Q"	71	41	450	166	527	38	427	83	134
"206"	"G38G"	4477097	2878907	3551145	3389341	4632420	3972779	3808657	4371399	3815930
"207"	"G38H"	1	83	414	32	572	85	524	64	40
"208"	"G38I"	13	48	378	79	420	29	433	149	36
"209"	"G38L"	84	19	373	23	524	303	513	64	46
"210"	"G38K"	47	42	375	169	456	9	375	76	23
"211"	"G38M"	19	50	297	41	387	38	356	53	38
"212"	"G38F"	76	81	522	85	670	166	571	60	50
"213"	"G38P"	109	54	440	87	578	26	454	84	71
"214"	"G38S"	82	33	374	88	508	145	433	117	125
"215"	"G38T"	347	63	380	79	570	98	506	71	173
"216"	"G38W"	300	320	1361	241	1280	362	1312	307	209
"217"	"G38Y"	23	32	403	101	603	11	417	41	34
"218"	"G38V"	314	351	1674	320	1424	412	1559	357	277
"219"	"G38X"	0	0	6	0	22	0	19	0	0
"220"	"G38B"	0	0	2	0	1	0	0	2	0
"221"	"V39A"	622	302	986	711	1359	509	1135	990	726
"222"	"V39R"	0	0	1	1	0	0	0	0	0
"223"	"V39N"	12	26	318	51	498	91	419	31	24
"224"	"V39D"	42	15	291	10	400	12	264	53	18
"225"	"V39C"	0	0	0	0	0	0	0	0	0
"226"	"V39E"	51	52	262	54	372	93	376	61	49
"227"	"V39Q"	61	10	295	13	342	32	285	26	31
"228"	"V39G"	122	40	308	43	451	50	313	71	74
"229"	"V39H"	21	5	382	46	479	34	433	71	44
"230"	"V39I"	158	105	411	144	605	42	451	174	229
"231"	"V39L"	311	245	674	447	843	587	740	597	354
"232"	"V39K"	22	24	343	37	467	58	343	19	14
"233"	"V39M"	262	149	635	302	813	226	766	322	262
"234"	"V39F"	36	94	455	110	571	45	412	411	324
"235"	"V39P"	30	35	327	111	458	36	385	29	34
"236"	"V39S"	92	22	337	75	452	75	330	176	139
"237"	"V39T"	40	36	399	143	480	35	388	94	68
"238"	"V39W"	0	6	281	35	384	0	373	59	5
"239"	"V39Y"	23	33	293	36	423	72	341	29	11
"240"	"V39V"	4477596	2879617	3555994	3389321	4636411	3973331	3813587	4370622	3815534
"241"	"V39X"	0	0	0	0	0	0	0	0	0
"242"	"V39B"	0	0	0	0	1	0	0	0	0
"243"	"A40A"	4476293	2878836	3554444	3388239	4634861	3972462	3811968	4369776	3814523
"244"	"A40R"	11	57	359	36	414	0	349	10	49
"245"	"A40N"	31	31	261	79	332	2	256	100	55
"246"	"A40D"	166	144	688	187	819	206	708	220	187
"247"	"A40C"	95	68	294	67	434	155	348	162	116
"248"	"A40E"	791	165	676	541	813	376	750	356	167
"249"	"A40Q"	25	54	417	147	526	87	459	108	100
"250"	"A40G"	108	53	511	227	651	186	527	351	325
"251"	"A40H"	49	40	368	109	462	59	381	141	71
"252"	"A40I"	103	100	217	142	326	79	262	80	65
"253"	"A40L"	436	211	583	153	739	313	703	194	172
"254"	"A40K"	7	34	367	33	462	30	395	48	61
"255"	"A40M"	29	52	361	99	431	80	346	197	168
"256"	"A40F"	50	41	354	200	460	66	388	190	284
"257"	"A40P"	155	41	546	112	711	258	583	61	107
"258"	"A40S"	386	349	707	499	904	335	748	689	621
"259"	"A40T"	226	147	382	254	543	195	502	394	275
"260"	"A40W"	84	33	334	117	424	14	363	154	130
"261"	"A40Y"	70	56	460	63	530	90	541	121	79
"262"	"A40V"	386	304	663	386	962	335	761	483	372
"263"	"A40X"	0	0	0	0	2	0	2	0	0
"264"	"A40B"	0	0	0	0	3	0	1	0	13
"265"	"S41A"	82	75	292	251	367	254	279	151	121
"266"	"S41R"	1	1	1	1	2	0	1	1	0
"267"	"S41N"	143	125	314	937	382	720	343	1213	876
"268"	"S41D"	52	206	376	139	452	73	376	122	112
"269"	"S41C"	234	248	432	409	602	141	413	537	507
"270"	"S41E"	13	38	278	115	400	52	277	181	175
"271"	"S41Q"	306	154	501	314	632	435	611	347	604
"272"	"S41G"	77	70	332	228	439	68	358	136	225
"273"	"S41H"	206	236	258	511	414	362	355	510	372
"274"	"S41I"	46	76	278	130	379	131	298	141	141
"275"	"S41L"	737	422	891	518	1176	673	1128	691	926
"276"	"S41K"	566	332	541	409	604	428	576	348	502
"277"	"S41M"	651	96	267	100	307	72	241	228	218
"278"	"S41F"	142	222	273	134	350	329	317	249	147
"279"	"S41P"	505	238	889	299	1243	404	1025	446	354
"280"	"S41S"	4472792	2875762	3555335	3385468	4635711	3968692	3812888	4366433	3810425
"281"	"S41T"	225	60	245	325	347	266	290	377	555
"282"	"S41W"	705	695	308	204	464	613	383	382	247
"283"	"S41Y"	1708	1145	327	272	438	1034	368	302	371
"284"	"S41V"	74	88	388	179	448	73	353	277	238
"285"	"S41X"	0	0	18	16	7	1	15	0	2
"286"	"S41B"	236	527	448	731	645	507	446	763	822
"287"	"V42A"	500	304	867	857	1185	412	896	878	585
"288"	"V42R"	0	0	1	0	0	0	0	0	0
"289"	"V42N"	15	86	304	125	428	78	387	67	30
"290"	"V42D"	64	16	399	44	571	95	452	75	37
"291"	"V42C"	0	0	0	0	0	0	0	0	0
"292"	"V42E"	68	90	430	119	531	192	457	144	84
"293"	"V42Q"	305	109	485	458	669	127	654	230	161
"294"	"V42G"	104	56	291	144	387	160	322	83	90
"295"	"V42H"	66	39	327	101	370	102	317	36	24
"296"	"V42I"	47	44	239	140	354	119	294	190	181
"297"	"V42L"	346	337	830	824	995	696	924	1117	1003
"298"	"V42K"	3	10	286	7	414	75	363	16	4
"299"	"V42M"	337	168	385	341	521	299	414	717	696
"300"	"V42F"	110	40	327	63	434	217	342	82	29
"301"	"V42P"	12	41	274	53	380	1	366	52	35
"302"	"V42S"	242	194	366	124	407	186	370	169	152
"303"	"V42T"	49	103	304	227	435	145	334	129	217
"304"	"V42W"	69	47	374	57	480	66	377	36	43
"305"	"V42Y"	2	15	231	23	307	45	250	40	24
"306"	"V42V"	4477162	2879117	3556270	3387983	4636939	3972313	3813818	4369774	3814545
"307"	"V42X"	0	0	2	0	0	0	3	0	0
"308"	"V42B"	0	0	0	0	2	0	1	0	0
"309"	"L43A"	1015	150	544	383	644	651	551	807	1059
"310"	"L43R"	73	45	448	47	478	0	388	35	24
"311"	"L43N"	131	14	365	55	494	6	346	69	98
"312"	"L43D"	169	82	465	73	629	94	476	79	51
"313"	"L43C"	103	71	371	226	491	245	471	498	487
"314"	"L43E"	99	41	470	36	523	80	484	35	28
"315"	"L43Q"	40	55	358	59	479	208	476	83	68
"316"	"L43G"	279	67	385	250	519	233	470	268	294
"317"	"L43H"	42	34	427	58	530	63	432	30	58
"318"	"L43I"	16	25	387	150	476	63	400	298	337
"319"	"L43L"	4476004	2878966	3553293	3388048	4633465	3972023	3810829	4368741	3812606
"320"	"L43K"	38	148	450	60	571	20	503	43	51
"321"	"L43M"	57	48	286	525	431	194	296	560	627
"322"	"L43F"	390	309	990	365	1143	440	1005	391	393
"323"	"L43P"	92	19	316	31	429	82	403	66	44
"324"	"L43S"	585	492	1789	780	2295	586	1931	1054	1144
"325"	"L43T"	39	30	335	139	427	56	366	191	197
"326"	"L43W"	87	46	369	89	555	45	418	179	79
"327"	"L43Y"	160	82	458	50	694	9	640	135	56
"328"	"L43V"	50	34	443	211	475	145	404	227	201
"329"	"L43X"	0	0	0	0	1	0	1	0	0
"330"	"L43B"	32	58	43	55	60	85	51	46	38
"331"	"A44A"	4466690	2872395	3543338	3380444	4620771	3964505	3798504	4359177	3806066
"332"	"A44R"	18	76	430	95	539	24	467	43	144
"333"	"A44N"	38	62	331	65	379	45	365	89	92
"334"	"A44D"	355	276	1078	647	1321	369	1046	581	416
"335"	"A44C"	66	49	464	359	592	120	476	326	303
"336"	"A44E"	35	28	478	89	631	51	496	113	93
"337"	"A44Q"	71	42	544	109	701	66	613	113	129
"338"	"A44G"	402	223	1073	892	1061	296	1138	554	584
"339"	"A44H"	71	143	453	183	588	22	577	145	253
"340"	"A44I"	13	10	254	21	373	34	292	24	38
"341"	"A44L"	14	122	343	214	482	78	341	137	99
"342"	"A44K"	19	76	397	57	517	73	528	47	52
"343"	"A44M"	8	58	265	115	405	104	374	131	114
"344"	"A44F"	46	76	347	135	407	61	377	175	225
"345"	"A44P"	74	80	430	107	512	101	461	106	121
"346"	"A44S"	365	295	991	777	1319	430	1152	895	764
"347"	"A44T"	2841	1589	2745	1899	3654	2083	3245	2823	2290
"348"	"A44W"	116	97	556	89	756	114	665	139	265
"349"	"A44Y"	33	22	295	96	385	68	352	141	41
"350"	"A44V"	8226	5097	8173	5297	10406	6684	9870	8076	5850
"351"	"A44X"	0	0	6	0	10	0	1	0	1
"352"	"A44B"	0	0	1	0	0	0	1	0	0
"353"	"M45A"	36	60	456	83	527	92	457	207	228
"354"	"M45R"	1916	85	418	410	566	65	469	509	491
"355"	"M45N"	19	22	447	136	538	61	462	155	222
"356"	"M45D"	0	0	0	0	0	0	0	0	0
"357"	"M45C"	0	0	0	0	0	0	0	0	0
"358"	"M45E"	384	146	418	178	470	171	407	163	169
"359"	"M45Q"	376	258	599	522	727	246	620	930	758
"360"	"M45G"	32	78	401	214	513	46	487	175	258
"361"	"M45H"	0	0	0	0	0	0	0	0	0
"362"	"M45I"	1333	638	1607	981	2268	1051	1866	1184	974
"363"	"M45L"	229	183	629	203	793	382	650	367	274
"364"	"M45K"	1769	1131	435	358	522	1024	453	665	710
"365"	"M45M"	4471994	2877401	3553337	3386966	4633500	3970279	3811022	4367181	3812088
"366"	"M45F"	0	31	436	328	572	227	455	237	104
"367"	"M45P"	27	33	325	90	465	58	350	73	100
"368"	"M45S"	70	20	331	120	411	76	322	191	209
"369"	"M45T"	668	375	1364	464	1645	811	1448	852	621
"370"	"M45W"	81	88	569	124	685	99	574	195	114
"371"	"M45Y"	0	0	0	0	0	0	0	0	0
"372"	"M45V"	567	267	1220	512	1603	640	1296	751	620
"373"	"M45X"	0	0	0	0	2	0	2	0	0
"374"	"M45B"	0	0	0	1	2	0	1	0	0
"375"	"L46A"	93	50	380	311	480	23	431	464	400
"376"	"L46R"	74	42	448	40	562	69	441	73	28
"377"	"L46N"	46	27	354	58	491	15	457	91	100
"378"	"L46D"	47	29	472	81	573	11	476	100	48
"379"	"L46C"	137	93	372	232	496	140	416	200	155
"380"	"L46E"	68	75	652	92	612	52	688	89	169
"381"	"L46Q"	38	30	380	68	498	63	365	91	103
"382"	"L46G"	49	177	694	198	921	78	887	141	117
"383"	"L46H"	152	76	401	122	497	124	461	118	118
"384"	"L46I"	269	190	1015	338	1139	179	1114	414	391
"385"	"L46L"	4476800	2879030	3553425	3388239	4633738	3972625	3810610	4368964	3814135
"386"	"L46K"	0	10	363	42	478	46	390	37	38
"387"	"L46M"	150	123	554	355	746	609	674	577	513
"388"	"L46F"	246	147	625	178	737	256	678	265	210
"389"	"L46P"	1063	442	1097	559	1494	820	1245	757	683
"390"	"L46S"	14	46	294	65	425	41	339	281	117
"391"	"L46T"	53	24	290	213	389	13	343	365	163
"392"	"L46W"	16	11	429	38	584	25	485	58	39
"393"	"L46Y"	5	83	279	54	397	65	330	58	19
"394"	"L46V"	177	111	454	406	542	74	505	692	394
"395"	"L46X"	0	0	8	0	3	0	3	0	0
"396"	"L46B"	4	0	6	1	7	0	3	0	0
"397"	"Q47A"	0	0	1	0	0	0	0	0	0
"398"	"Q47R"	770	357	1284	495	1638	509	1395	622	512
"399"	"Q47N"	6	17	389	106	490	243	401	89	165
"400"	"Q47D"	28	27	339	99	549	28	381	247	188
"401"	"Q47C"	189	85	745	280	807	128	787	272	301
"402"	"Q47E"	35	38	341	109	469	134	323	150	136
"403"	"Q47Q"	4475673	2878661	3552719	3385871	4632165	3972323	3810508	4367807	3811998
"404"	"Q47G"	124	38	536	200	662	2	515	179	217
"405"	"Q47H"	282	268	811	414	1121	405	864	447	548
"406"	"Q47I"	111	92	520	149	690	63	554	157	133
"407"	"Q47L"	194	60	494	160	687	82	508	380	151
"408"	"Q47K"	226	145	574	180	817	118	565	201	240
"409"	"Q47M"	64	107	476	161	632	122	508	359	210
"410"	"Q47F"	39	104	560	282	778	92	574	217	270
"411"	"Q47P"	49	90	508	216	693	129	568	105	141
"412"	"Q47S"	0	0	0	0	0	0	1	0	0
"413"	"Q47T"	773	44	416	90	536	64	439	168	149
"414"	"Q47W"	80	75	624	278	773	47	704	223	235
"415"	"Q47Y"	186	142	464	297	648	122	575	184	256
"416"	"Q47V"	37	46	396	171	585	91	420	137	153
"417"	"Q47X"	0	1	3	0	6	0	5	0	0
"418"	"Q47B"	635	419	792	2132	1063	626	746	1891	1937
"419"	"L48A"	454	136	400	913	452	128	395	923	1142
"420"	"L48R"	148	119	497	157	635	66	549	195	241
"421"	"L48N"	29	120	585	253	740	103	646	235	147
"422"	"L48D"	16	35	388	215	555	108	428	274	221
"423"	"L48C"	0	0	0	0	0	0	0	0	0
"424"	"L48E"	110	36	314	282	398	196	275	290	251
"425"	"L48Q"	78	76	431	299	585	243	458	384	358
"426"	"L48G"	109	88	496	355	652	178	522	491	358
"427"	"L48H"	203	147	442	244	602	134	442	420	250
"428"	"L48I"	99	72	471	986	681	133	468	1209	1092
"429"	"L48L"	4475408	2878006	3552659	3381695	4632733	3971237	3810335	4361942	3807727
"430"	"L48K"	134	54	329	292	446	117	311	395	351
"431"	"L48M"	369	220	692	799	897	393	694	908	677
"432"	"L48F"	228	117	513	634	713	258	596	579	530
"433"	"L48P"	1108	591	1583	892	1813	891	1596	1074	977
"434"	"L48S"	110	108	426	526	525	89	412	842	686
"435"	"L48T"	133	147	357	532	468	143	376	901	492
"436"	"L48W"	62	63	331	102	406	101	364	103	102
"437"	"L48Y"	596	476	1394	2061	1655	627	1643	2094	1757
"438"	"L48V"	107	205	677	453	851	183	822	576	580
"439"	"L48X"	0	0	7	0	2	0	6	0	0
"440"	"L48B"	0	0	0	0	0	0	3	0	1
"441"	"T49A"	580	457	961	1227	1272	569	1077	1685	1242
"442"	"T49R"	212	81	664	135	865	52	697	240	129
"443"	"T49N"	53	32	424	84	595	156	490	127	133
"444"	"T49D"	21	14	468	82	599	111	448	95	63
"445"	"T49C"	295	217	526	1254	667	198	621	1324	1320
"446"	"T49E"	66	26	306	67	450	56	401	107	95
"447"	"T49Q"	0	1	0	0	0	0	0	0	1
"448"	"T49G"	19	30	126	273	172	122	109	376	591
"449"	"T49H"	0	0	0	0	0	0	0	0	0
"450"	"T49I"	209	292	716	436	864	408	813	615	610
"451"	"T49L"	17	23	91	43	112	50	101	58	62
"452"	"T49K"	174	201	731	283	956	275	735	254	228
"453"	"T49M"	139	111	417	684	597	167	479	983	724
"454"	"T49F"	76	130	474	293	643	116	572	412	311
"455"	"T49P"	138	36	599	222	728	33	559	322	199
"456"	"T49S"	108	157	690	214	731	694	607	322	346
"457"	"T49T"	4477065	2878895	3554524	3385432	4634948	3972085	3812259	4365897	3810925
"458"	"T49W"	128	40	375	279	469	60	421	232	217
"459"	"T49Y"	32	52	476	282	597	73	508	331	300
"460"	"T49V"	169	21	424	400	544	102	444	455	444
"461"	"T49X"	0	0	0	0	0	1	0	0	0
"462"	"T49B"	0	0	0	0	0	0	0	0	0
"463"	"T50A"	547	341	728	694	959	599	799	963	1006
"464"	"T50R"	528	143	885	179	1306	568	1310	282	154
"465"	"T50N"	211	309	811	281	968	409	858	150	275
"466"	"T50D"	26	30	409	93	611	53	569	43	31
"467"	"T50C"	69	122	369	369	529	910	438	560	471
"468"	"T50E"	51	42	341	52	494	43	369	51	41
"469"	"T50Q"	0	0	0	0	0	0	0	0	0
"470"	"T50G"	124	121	498	286	621	188	600	313	289
"471"	"T50H"	0	0	0	0	0	0	0	0	0
"472"	"T50I"	185	174	631	214	824	187	685	307	333
"473"	"T50L"	45	25	433	229	533	54	494	127	170
"474"	"T50K"	188	132	606	225	836	155	685	287	133
"475"	"T50M"	86	11	328	135	538	170	394	161	113
"476"	"T50F"	35	65	480	81	667	29	537	122	57
"477"	"T50P"	25	23	395	47	471	36	360	42	53
"478"	"T50S"	624	65	394	293	513	189	423	429	304
"479"	"T50T"	4476336	2879044	3554294	3388197	4634203	3971648	3811330	4369615	3814167
"480"	"T50W"	61	43	451	25	530	2	479	79	31
"481"	"T50Y"	40	24	433	47	512	46	448	36	58
"482"	"T50V"	320	102	492	243	682	42	549	268	254
"483"	"T50X"	0	0	12	0	12	0	13	0	0
"484"	"T50B"	0	0	2	0	0	0	1	0	0
"485"	"G51A"	104	46	218	265	296	83	205	299	317
"486"	"G51R"	289	182	548	421	732	138	587	520	389
"487"	"G51N"	64	34	254	248	418	75	377	438	222
"488"	"G51D"	192	150	627	751	699	179	631	486	789
"489"	"G51C"	147	25	428	160	518	64	446	320	252
"490"	"G51E"	122	123	466	279	554	1048	482	284	185
"491"	"G51Q"	56	51	376	278	472	72	425	291	284
"492"	"G51G"	4476619	2878612	3551811	3386061	4632094	3971874	3809113	4367803	3812650
"493"	"G51H"	147	81	312	367	447	171	398	413	408
"494"	"G51I"	63	30	327	100	443	7	331	142	71
"495"	"G51L"	40	30	324	135	402	113	320	132	67
"496"	"G51K"	56	88	375	209	452	22	365	272	213
"497"	"G51M"	38	40	409	211	418	58	411	185	220
"498"	"G51F"	41	87	396	150	609	36	514	163	170
"499"	"G51P"	159	55	469	106	595	31	463	134	47
"500"	"G51S"	349	13	375	353	482	14	341	371	357
"501"	"G51T"	91	45	333	71	375	46	348	133	125
"502"	"G51W"	134	11	848	168	1000	84	894	170	124
"503"	"G51Y"	34	62	426	195	458	21	396	207	182
"504"	"G51V"	325	348	1013	505	1214	519	1242	501	349
"505"	"G51X"	431	703	2657	657	3131	673	3052	571	519
"506"	"G51B"	0	0	0	0	0	0	0	0	0
"507"	"G52A"	176	37	359	167	463	46	370	192	185
"508"	"G52R"	490	145	589	353	764	178	673	361	395
"509"	"G52N"	25	29	407	123	543	111	415	215	270
"510"	"G52D"	1	23	353	283	505	93	378	142	154
"511"	"G52C"	67	93	725	210	892	142	834	245	129
"512"	"G52E"	191	109	592	199	655	145	662	198	240
"513"	"G52Q"	180	144	718	248	801	195	744	244	278
"514"	"G52G"	4476245	2878718	3551273	3387107	4631134	3972296	3808334	4369305	3813428
"515"	"G52H"	207	124	559	283	663	82	522	273	234
"516"	"G52I"	48	31	376	105	586	49	438	150	169
"517"	"G52L"	64	168	705	301	837	155	797	242	257
"518"	"G52K"	36	45	374	202	459	29	417	151	186
"519"	"G52M"	67	35	423	98	480	47	391	229	117
"520"	"G52F"	62	49	593	109	727	36	650	90	152
"521"	"G52P"	112	22	429	140	544	107	468	186	184
"522"	"G52S"	35	37	482	132	591	197	451	147	210
"523"	"G52T"	65	30	392	85	541	414	459	172	95
"524"	"G52W"	76	108	532	85	606	60	537	127	126
"525"	"G52Y"	97	25	474	303	609	81	553	129	179
"526"	"G52V"	959	463	831	534	1112	549	1033	588	565
"527"	"G52X"	298	381	1806	623	2295	316	2214	449	387
"528"	"G52B"	0	0	0	0	2	0	1	0	0
"529"	"E53A"	422	170	475	399	608	28	486	628	406
"530"	"E53R"	91	128	495	392	612	307	561	570	448
"531"	"E53N"	198	95	906	801	988	131	1084	934	667
"532"	"E53D"	237	237	791	543	955	252	924	736	684
"533"	"E53C"	109	152	1480	209	1527	113	1753	456	500
"534"	"E53E"	4475368	2877892	3549659	3382467	4629100	3971223	3806182	4362821	3808145
"535"	"E53Q"	167	227	755	566	888	449	849	543	516
"536"	"E53G"	657	512	1424	936	2077	889	1737	1237	1028
"537"	"E53H"	155	108	427	555	601	38	458	634	520
"538"	"E53I"	180	27	389	335	560	109	450	488	394
"539"	"E53L"	230	77	512	583	614	80	501	544	819
"540"	"E53K"	374	142	528	445	721	115	592	669	590
"541"	"E53M"	93	165	490	582	661	72	542	498	422
"542"	"E53F"	177	113	454	318	670	71	581	258	255
"543"	"E53P"	156	51	491	384	613	22	546	322	399
"544"	"E53S"	96	59	393	334	428	46	404	455	257
"545"	"E53T"	64	85	445	566	570	377	458	688	578
"546"	"E53W"	186	27	599	242	746	214	724	264	232
"547"	"E53Y"	129	125	451	317	570	227	504	354	451
"548"	"E53V"	167	107	588	396	804	170	652	476	349
"549"	"E53X"	245	317	1239	319	1496	395	1353	260	277
"550"	"E53B"	0	0	1	1	0	0	0	0	3
"551"	"T54A"	631	429	842	489	1191	571	834	667	540
"552"	"T54R"	46	16	412	30	488	120	382	29	54
"553"	"T54N"	147	134	485	313	663	209	501	226	236
"554"	"T54D"	85	68	361	52	483	98	432	98	63
"555"	"T54C"	14	37	314	61	505	216	386	67	61
"556"	"T54E"	106	47	327	58	479	97	407	44	37
"557"	"T54Q"	44	42	419	68	514	29	425	97	48
"558"	"T54G"	64	19	565	92	662	144	624	135	131
"559"	"T54H"	29	58	340	108	427	52	353	26	39
"560"	"T54I"	482	137	999	253	1037	315	1026	352	192
"561"	"T54L"	56	16	388	112	571	38	411	194	106
"562"	"T54K"	5	33	246	24	398	68	284	67	29
"563"	"T54M"	13	22	366	52	419	1	318	101	120
"564"	"T54F"	1	6	280	57	383	43	308	35	32
"565"	"T54P"	183	53	382	53	537	83	400	164	104
"566"	"T54S"	81	63	383	135	513	172	478	213	249
"567"	"T54T"	4477261	2879502	3554512	3389409	4634959	3972951	3812378	4371099	3815660
"568"	"T54W"	126	101	566	165	643	8	600	65	64
"569"	"T54Y"	63	18	407	66	407	62	397	54	47
"570"	"T54V"	64	15	392	93	524	51	393	99	128
"571"	"T54X"	0	0	6	0	3	0	3	0	0
"572"	"T54B"	0	0	0	0	3	0	1	3	0
"573"	"Q55A"	0	0	0	0	0	0	0	0	0
"574"	"Q55R"	832	577	1644	1404	2037	759	1740	1996	1702
"575"	"Q55N"	33	67	356	225	495	74	419	316	172
"576"	"Q55D"	26	121	514	79	534	118	535	132	103
"577"	"Q55C"	5	7	266	225	455	28	307	220	138
"578"	"Q55E"	124	59	398	243	535	343	462	262	185
"579"	"Q55Q"	4475716	2877606	3552052	3382939	4632098	3970111	3809743	4363444	3808549
"580"	"Q55G"	108	92	441	146	558	31	483	158	179
"581"	"Q55H"	396	328	935	541	993	514	926	642	576
"582"	"Q55I"	111	78	442	185	616	11	523	147	148
"583"	"Q55L"	550	288	585	905	731	687	563	1399	1097
"584"	"Q55K"	251	319	1099	596	1102	234	969	959	569
"585"	"Q55M"	120	147	506	364	688	256	664	352	287
"586"	"Q55F"	409	132	513	172	688	114	557	252	373
"587"	"Q55P"	45	149	562	85	702	26	524	72	99
"588"	"Q55S"	1	0	0	0	0	0	0	0	0
"589"	"Q55T"	128	148	333	222	509	94	392	397	316
"590"	"Q55W"	61	56	609	114	757	194	608	203	175
"591"	"Q55Y"	40	26	317	89	471	46	318	171	120
"592"	"Q55V"	129	27	494	212	564	141	629	244	265
"593"	"Q55X"	0	0	14	0	28	0	16	0	1
"594"	"Q55B"	416	589	912	2944	1248	1547	963	2469	2886
"595"	"Q56A"	0	0	0	0	1	0	0	1	0
"596"	"Q56R"	540	375	1192	1171	1376	525	1172	1390	1197
"597"	"Q56N"	95	57	352	290	561	267	431	652	340
"598"	"Q56D"	207	94	402	201	582	9	454	310	280
"599"	"Q56C"	250	39	398	188	575	51	432	183	277
"600"	"Q56E"	668	289	541	325	603	160	597	571	364
"601"	"Q56Q"	4475093	2878327	3552792	3383206	4632270	3971697	3810076	4364169	3809615
"602"	"Q56G"	45	154	509	399	688	150	589	582	348
"603"	"Q56H"	252	304	983	667	1335	316	1058	874	653
"604"	"Q56I"	281	48	408	147	557	119	447	143	151
"605"	"Q56L"	102	81	283	204	321	90	372	282	203
"606"	"Q56K"	481	159	581	664	865	304	641	968	612
"607"	"Q56M"	119	61	498	276	636	43	521	315	209
"608"	"Q56F"	41	54	359	136	480	50	403	234	114
"609"	"Q56P"	44	72	519	218	728	119	560	142	158
"610"	"Q56S"	0	0	0	0	0	0	0	0	0
"611"	"Q56T"	176	26	500	347	713	43	595	517	365
"612"	"Q56W"	256	98	785	638	980	464	876	398	546
"613"	"Q56Y"	101	107	353	253	441	42	408	182	244
"614"	"Q56V"	119	37	419	188	550	27	482	425	144
"615"	"Q56X"	1	4	1	2	4	0	5	0	0
"616"	"Q56B"	630	430	1117	2170	1543	852	1222	1497	2120
