	"Variants"	"4640-LH-1_ACAGTG"	"4640-LH-1_ACTTGA"	"4640-LH-1_ATCACG"	"4640-LH-1_CAGATC"	"4640-LH-1_CGATGT"	"4640-LH-1_CTTGTA"	"4640-LH-1_GCCAAT"	"4640-LH-1_TGACCA"	"4640-LH-1_TTAGGC"
"1"	"K145A"	136	231	242	154	344	279	254	242	307
"2"	"K145R"	339	167	630	404	743	697	494	510	573
"3"	"K145N"	4200	417	452	623	518	712	397	859	581
"4"	"K145D"	229	223	1878	748	1373	395	1538	738	851
"5"	"K145C"	107	71	308	160	289	219	227	220	265
"6"	"K145E"	856	283	774	505	869	803	744	719	609
"7"	"K145Q"	223	119	335	284	301	526	290	417	496
"8"	"K145G"	363	305	270	193	357	318	239	381	390
"9"	"K145H"	32	52	238	170	278	177	228	230	261
"10"	"K145I"	60	118	350	81	421	136	304	122	107
"11"	"K145L"	132	144	292	133	348	85	265	199	169
"12"	"K145K"	3008202	1908378	2957545	2453387	3466408	3379518	2487111	3244525	3312445
"13"	"K145M"	234	88	305	156	338	148	243	196	211
"14"	"K145F"	245	79	263	137	333	71	232	163	223
"15"	"K145P"	152	51	395	66	493	279	338	93	141
"16"	"K145S"	341	148	332	332	361	194	268	219	259
"17"	"K145T"	65	115	321	179	366	195	274	116	205
"18"	"K145W"	22	46	297	88	311	20	198	77	100
"19"	"K145Y"	191	82	201	63	267	210	196	115	139
"20"	"K145V"	104	22	304	67	315	29	223	53	72
"21"	"K145X"	19	29	25	21	30	46	15	17	17
"22"	"K145B"	0	0	0	0	1	0	0	0	0
"23"	"G146A"	149	66	446	99	434	126	392	113	133
"24"	"G146R"	33	44	414	74	463	97	316	114	123
"25"	"G146N"	56	43	251	132	279	27	189	178	165
"26"	"G146D"	286	174	587	262	634	244	450	362	375
"27"	"G146C"	316	222	859	520	1951	297	730	746	523
"28"	"G146E"	20	28	329	158	365	103	244	127	110
"29"	"G146Q"	66	35	314	142	395	167	315	84	159
"30"	"G146G"	3014264	1909755	2957806	2455340	3464769	3381574	2487316	3247007	3315488
"31"	"G146H"	30	31	363	102	319	24	295	97	124
"32"	"G146I"	30	11	203	6	275	45	188	15	26
"33"	"G146L"	39	69	446	77	506	102	419	92	109
"34"	"G146K"	9	6	269	58	294	112	208	74	89
"35"	"G146M"	84	34	318	80	386	59	265	131	116
"36"	"G146F"	49	24	305	44	327	11	222	72	86
"37"	"G146P"	83	22	381	105	384	38	273	90	69
"38"	"G146S"	257	197	613	258	684	412	561	423	290
"39"	"G146T"	201	242	508	174	643	1134	486	109	110
"40"	"G146W"	13	24	475	37	543	210	417	71	58
"41"	"G146Y"	70	10	269	40	324	39	223	80	72
"42"	"G146V"	197	131	597	242	1087	236	565	226	196
"43"	"G146X"	0	0	4	1	2	0	4	0	0
"44"	"G146B"	0	0	0	0	0	0	0	0	0
"45"	"M147A"	26	38	329	135	352	127	235	201	185
"46"	"M147R"	316	257	408	587	480	354	345	749	635
"47"	"M147N"	67	112	316	645	367	157	263	1143	918
"48"	"M147D"	0	0	0	0	0	0	0	0	0
"49"	"M147C"	0	0	0	0	0	0	0	0	0
"50"	"M147E"	575	160	350	732	400	206	269	1252	1155
"51"	"M147Q"	330	179	319	764	466	383	319	1260	1019
"52"	"M147G"	42	42	419	341	456	165	332	362	515
"53"	"M147H"	0	0	0	0	1	0	0	0	0
"54"	"M147I"	657	310	1322	589	2196	637	1217	680	759
"55"	"M147L"	306	112	502	115	534	84	427	161	243
"56"	"M147K"	318	465	313	518	418	1321	246	771	623
"57"	"M147M"	3012525	1908704	2958079	2452116	3465502	3380409	2487555	3241690	3310081
"58"	"M147F"	30	38	279	210	405	78	269	353	354
"59"	"M147P"	242	317	611	199	618	451	526	158	691
"60"	"M147S"	7	41	254	103	325	62	234	180	188
"61"	"M147T"	340	170	687	397	824	332	587	597	523
"62"	"M147W"	47	81	824	192	863	64	608	276	236
"63"	"M147Y"	0	0	0	0	0	0	0	0	0
"64"	"M147V"	424	142	745	307	857	227	646	378	296
"65"	"M147X"	0	0	0	0	0	0	0	0	0
"66"	"M147B"	0	0	0	1	0	0	0	0	0
"67"	"I148A"	175	85	264	40	282	79	195	107	146
"68"	"I148R"	379	76	314	97	330	88	252	93	181
"69"	"I148N"	95	121	287	299	430	149	271	318	387
"70"	"I148D"	0	1	0	0	0	0	0	0	0
"71"	"I148C"	281	116	343	209	407	74	278	311	373
"72"	"I148E"	98	60	370	319	451	355	285	478	515
"73"	"I148Q"	32	60	410	244	487	66	331	378	346
"74"	"I148G"	294	143	411	145	526	422	385	263	337
"75"	"I148H"	0	0	0	0	0	0	0	0	0
"76"	"I148I"	3013173	1909525	2959375	2454717	3467473	3382003	2488788	3245712	3313516
"77"	"I148L"	84	52	441	113	510	30	418	214	203
"78"	"I148K"	314	152	308	114	429	222	240	157	224
"79"	"I148M"	168	69	543	283	617	394	486	343	352
"80"	"I148F"	79	57	266	135	337	139	207	179	160
"81"	"I148P"	100	55	292	72	327	42	256	68	87
"82"	"I148S"	271	159	390	214	437	87	329	422	240
"83"	"I148T"	339	187	652	362	698	334	513	459	510
"84"	"I148W"	60	24	386	87	456	109	275	98	92
"85"	"I148Y"	0	0	0	0	0	0	0	0	1
"86"	"I148V"	310	226	705	500	863	449	569	611	751
"87"	"I148X"	0	0	0	1	4	15	0	0	0
"88"	"I148B"	0	0	0	0	0	0	0	0	0
"89"	"S149A"	0	0	0	0	0	0	0	0	0
"90"	"S149R"	192	123	451	256	892	264	374	417	387
"91"	"S149N"	273	140	407	246	459	265	336	390	385
"92"	"S149D"	349	234	194	219	249	571	171	394	288
"93"	"S149C"	34	48	204	167	287	191	215	495	285
"94"	"S149E"	25	33	179	115	199	64	187	242	177
"95"	"S149Q"	0	0	0	0	0	0	0	0	0
"96"	"S149G"	502	256	1089	842	1250	496	882	1074	1100
"97"	"S149H"	56	37	210	172	235	133	167	199	174
"98"	"S149I"	155	127	409	253	775	254	322	325	318
"99"	"S149L"	14	41	249	180	274	81	200	389	235
"100"	"S149K"	24	21	123	103	160	79	102	113	150
"101"	"S149M"	38	92	236	280	254	250	194	435	370
"102"	"S149F"	611	211	211	137	226	323	136	137	144
"103"	"S149P"	14	9	297	128	336	167	247	228	243
"104"	"S149S"	3013811	1909723	2960632	2454311	3468327	3381644	2489760	3244535	3313501
"105"	"S149T"	62	33	192	202	232	67	182	279	161
"106"	"S149W"	61	19	344	130	477	78	320	94	167
"107"	"S149Y"	0	0	141	42	122	9	117	100	98
"108"	"S149V"	31	21	189	168	310	121	166	365	238
"109"	"S149X"	0	0	0	0	0	0	0	0	0
"110"	"S149B"	0	0	0	0	0	0	0	0	0
"111"	"N150A"	32	19	268	119	343	0	245	216	103
"112"	"N150R"	27	76	314	97	455	54	320	112	126
"113"	"N150N"	3013994	1909311	2957621	2453153	3464820	3381827	2486953	3243914	3312337
"114"	"N150D"	504	370	967	1167	1117	637	821	1279	1304
"115"	"N150C"	193	85	437	345	621	53	400	636	504
"116"	"N150E"	38	71	332	386	457	85	348	626	507
"117"	"N150Q"	184	99	357	252	415	148	334	238	273
"118"	"N150G"	83	95	376	253	496	209	345	498	390
"119"	"N150H"	34	35	259	414	377	77	211	211	270
"120"	"N150I"	73	62	457	65	487	128	311	114	110
"121"	"N150L"	22	47	330	139	435	112	352	127	106
"122"	"N150K"	134	155	487	257	844	279	381	295	243
"123"	"N150M"	149	34	299	78	351	28	270	131	165
"124"	"N150F"	27	33	263	47	380	137	267	56	70
"125"	"N150P"	119	183	510	348	579	280	433	664	670
"126"	"N150S"	327	226	938	429	1078	436	755	609	615
"127"	"N150T"	207	46	399	159	392	197	340	166	251
"128"	"N150W"	4	26	377	80	514	46	337	86	97
"129"	"N150Y"	53	160	376	66	454	258	342	140	110
"130"	"N150V"	48	34	390	90	446	66	313	93	170
"131"	"N150X"	0	1	0	0	1	0	0	0	0
"132"	"N150B"	0	0	0	7	2	0	0	0	0
"133"	"L151A"	108	72	319	367	376	290	262	564	359
"134"	"L151R"	33	67	427	69	494	58	379	127	76
"135"	"L151N"	34	73	513	148	587	19	363	153	156
"136"	"L151D"	236	62	452	223	580	289	404	208	182
"137"	"L151C"	454	118	386	607	447	81	322	775	735
"138"	"L151E"	126	134	546	516	534	35	517	190	315
"139"	"L151Q"	84	23	327	147	426	20	289	151	229
"140"	"L151G"	486	328	839	816	961	1183	727	681	979
"141"	"L151H"	84	52	321	91	401	92	277	116	80
"142"	"L151I"	505	220	302	511	405	273	274	520	687
"143"	"L151L"	3012522	1908488	2957397	2450741	3464515	3379847	2486880	3241592	3309401
"144"	"L151K"	21	18	233	61	313	23	189	99	43
"145"	"L151M"	201	262	380	489	402	190	330	727	679
"146"	"L151F"	295	182	565	751	1178	562	516	1100	1287
"147"	"L151P"	109	77	268	292	387	144	232	377	420
"148"	"L151S"	491	279	888	539	1045	602	734	656	738
"149"	"L151T"	109	217	257	536	389	376	271	886	780
"150"	"L151W"	24	35	450	103	579	34	385	179	53
"151"	"L151Y"	60	84	353	120	409	329	292	92	184
"152"	"L151V"	241	351	506	809	604	571	416	1002	1016
"153"	"L151X"	0	0	0	0	1	0	0	0	0
"154"	"L151B"	29	26	28	15	31	39	19	16	22
"155"	"L152A"	95	135	544	353	647	280	463	251	343
"156"	"L152R"	240	205	509	200	624	408	447	271	258
"157"	"L152N"	291	64	319	187	435	191	262	103	172
"158"	"L152D"	243	184	386	168	524	414	397	227	637
"159"	"L152C"	244	98	317	235	417	89	313	213	109
"160"	"L152E"	309	419	363	214	457	548	324	326	280
"161"	"L152Q"	232	137	485	180	587	419	497	291	286
"162"	"L152G"	126	97	412	133	499	299	390	193	138
"163"	"L152H"	160	128	376	183	490	568	328	211	216
"164"	"L152I"	177	137	586	499	912	295	434	543	572
"165"	"L152L"	3012260	1908323	2956807	2453323	3463795	3379370	2486098	3244379	3312029
"166"	"L152K"	265	154	327	86	427	248	319	109	120
"167"	"L152M"	522	260	629	470	746	461	587	823	1040
"168"	"L152F"	244	178	556	312	712	278	490	513	388
"169"	"L152P"	384	304	1108	432	1282	464	942	640	587
"170"	"L152S"	96	66	364	126	439	195	282	145	155
"171"	"L152T"	43	71	290	125	402	75	272	171	211
"172"	"L152W"	13	25	382	90	463	140	342	153	195
"173"	"L152Y"	59	24	307	100	437	111	280	124	121
"174"	"L152V"	249	156	690	535	768	204	610	525	564
"175"	"L152X"	0	3	0	0	0	0	0	0	0
"176"	"L152B"	0	0	0	0	1	0	1	0	0
"177"	"G153A"	114	54	339	386	400	86	293	543	461
"178"	"G153R"	249	270	634	501	700	475	487	787	804
"179"	"G153N"	184	52	532	391	617	177	523	351	452
"180"	"G153D"	89	61	206	431	236	83	175	662	585
"181"	"G153C"	32	8	276	164	308	79	257	358	234
"182"	"G153E"	197	125	286	235	360	274	207	479	366
"183"	"G153Q"	100	64	371	468	429	233	311	649	455
"184"	"G153G"	3013964	1909612	2958897	2452441	3464806	3381872	2488137	3242693	3311505
"185"	"G153H"	89	77	212	240	263	130	172	277	324
"186"	"G153I"	30	57	253	105	300	89	235	156	109
"187"	"G153L"	13	25	190	73	266	48	149	193	142
"188"	"G153K"	71	38	257	222	285	135	209	226	288
"189"	"G153M"	41	55	219	146	228	65	188	166	174
"190"	"G153F"	125	37	439	103	460	185	302	245	144
"191"	"G153P"	54	40	243	267	284	5	171	512	460
"192"	"G153S"	32	34	273	111	328	112	220	192	234
"193"	"G153T"	53	53	220	399	358	36	264	341	292
"194"	"G153W"	538	232	952	566	2407	471	881	610	595
"195"	"G153Y"	99	70	378	304	470	241	343	378	342
"196"	"G153V"	178	204	579	397	1548	261	552	391	453
"197"	"G153X"	0	0	0	1	1	0	1	1	0
"198"	"G153B"	0	0	1	0	10	0	1	1	2
"199"	"K154A"	269	102	475	408	576	257	452	446	490
"200"	"K154R"	433	348	1237	794	1337	552	1039	1072	1081
"201"	"K154N"	184	93	445	356	481	158	350	487	454
"202"	"K154D"	140	220	454	591	581	94	414	725	987
"203"	"K154C"	258	68	439	365	508	218	360	377	421
"204"	"K154E"	683	371	1206	1283	1487	746	1140	1580	1770
"205"	"K154Q"	61	33	378	287	419	141	343	279	381
"206"	"K154G"	167	28	358	153	485	108	297	170	234
"207"	"K154H"	74	44	391	275	462	79	314	404	317
"208"	"K154I"	1949	1897	426	455	528	1773	365	707	786
"209"	"K154L"	1804	877	313	359	400	1855	283	438	296
"210"	"K154K"	3007022	1904996	2956074	2449158	3463794	3375467	2485715	3239610	3306982
"211"	"K154M"	771	409	398	421	519	651	444	416	433
"212"	"K154F"	37	56	551	245	609	361	436	248	216
"213"	"K154P"	106	54	339	398	349	25	228	445	626
"214"	"K154S"	17	65	414	245	431	91	272	379	398
"215"	"K154T"	662	204	408	547	454	411	362	622	607
"216"	"K154W"	87	75	388	106	381	155	358	152	133
"217"	"K154Y"	46	78	429	218	490	88	392	345	323
"218"	"K154V"	1441	1110	579	1247	708	1759	477	1268	1423
"219"	"K154X"	41	40	55	40	65	67	37	41	63
"220"	"K154B"	0	0	0	0	0	1	0	0	0
"221"	"G155A"	79	46	363	153	420	162	262	237	214
"222"	"G155R"	185	105	542	225	645	228	462	282	317
"223"	"G155N"	18	53	253	98	288	83	191	247	213
"224"	"G155D"	80	45	562	600	506	43	466	649	700
"225"	"G155C"	70	11	347	156	426	130	269	232	199
"226"	"G155E"	223	231	284	266	441	322	253	299	484
"227"	"G155Q"	12	20	286	105	323	48	221	136	274
"228"	"G155G"	3014796	1909974	2958742	2454808	3465914	3382756	2488282	3246223	3313821
"229"	"G155H"	53	18	305	148	332	25	183	217	230
"230"	"G155I"	36	174	295	65	361	244	279	124	137
"231"	"G155L"	49	50	416	109	398	53	315	109	190
"232"	"G155K"	31	27	275	173	305	11	206	85	318
"233"	"G155M"	52	97	419	171	464	122	380	264	111
"234"	"G155F"	50	49	606	95	649	125	549	152	266
"235"	"G155P"	32	24	240	83	313	70	222	24	78
"236"	"G155S"	49	22	226	77	303	76	188	134	190
"237"	"G155T"	19	35	215	113	276	185	205	127	122
"238"	"G155W"	50	12	350	75	440	24	282	77	103
"239"	"G155Y"	51	19	268	192	370	94	243	254	194
"240"	"G155V"	198	113	559	167	1363	182	438	238	188
"241"	"G155X"	119	43	204	72	527	74	181	101	72
"242"	"G155B"	0	0	0	0	0	0	1	0	0
"243"	"A156A"	3013151	1909094	2956848	2451310	3461804	3380803	2486760	3241935	3310003
"244"	"A156R"	46	122	284	443	397	234	257	393	489
"245"	"A156N"	60	19	195	102	288	132	151	129	100
"246"	"A156D"	237	374	1742	1095	2820	731	1419	1711	1665
"247"	"A156C"	36	47	430	157	469	57	372	161	126
"248"	"A156E"	569	77	428	218	630	111	361	386	406
"249"	"A156Q"	29	121	356	1032	426	177	247	1151	1150
"250"	"A156G"	95	43	387	462	489	425	284	362	337
"251"	"A156H"	34	22	237	178	257	59	186	268	262
"252"	"A156I"	17	28	140	27	215	31	158	64	35
"253"	"A156L"	5	19	243	104	290	29	187	50	54
"254"	"A156K"	108	99	256	439	316	53	185	431	588
"255"	"A156M"	40	21	259	145	326	27	237	190	179
"256"	"A156F"	19	6	241	41	326	91	169	89	74
"257"	"A156P"	70	29	184	47	234	116	181	45	137
"258"	"A156S"	302	293	557	527	2032	343	515	674	830
"259"	"A156T"	130	98	626	484	787	230	507	441	371
"260"	"A156W"	28	26	346	49	441	24	241	117	145
"261"	"A156Y"	16	10	294	91	338	5	216	202	218
"262"	"A156V"	1259	620	1701	1000	2177	1379	1445	1412	1251
"263"	"A156X"	1	0	3	0	2	0	0	0	0
"264"	"A156B"	0	0	0	0	0	0	0	0	1
"265"	"V157A"	319	256	1386	347	1616	514	1217	424	448
"266"	"V157R"	0	1	0	0	2	0	0	0	0
"267"	"V157N"	122	58	397	180	441	138	295	287	291
"268"	"V157D"	15	62	335	74	463	62	331	143	190
"269"	"V157C"	0	0	0	0	0	0	0	0	0
"270"	"V157E"	83	84	407	143	513	75	322	108	111
"271"	"V157Q"	44	33	308	64	495	89	281	115	49
"272"	"V157G"	4	58	384	40	457	51	292	69	82
"273"	"V157H"	199	20	333	44	475	176	309	98	106
"274"	"V157I"	39	17	277	244	328	78	229	306	312
"275"	"V157L"	309	185	840	512	1294	351	712	614	551
"276"	"V157K"	58	33	338	75	390	135	230	54	68
"277"	"V157M"	322	197	727	316	886	344	551	412	479
"278"	"V157F"	65	28	461	154	517	57	379	223	206
"279"	"V157P"	2	31	351	55	413	86	262	74	138
"280"	"V157S"	28	18	319	85	350	98	268	122	126
"281"	"V157T"	22	80	355	273	477	71	281	312	371
"282"	"V157W"	67	20	460	70	510	39	401	110	117
"283"	"V157Y"	76	74	421	82	525	81	328	87	116
"284"	"V157V"	3014478	1909913	2957657	2455193	3464909	3382612	2487387	3246653	3314659
"285"	"V157X"	0	0	1	0	1	0	3	0	1
"286"	"V157B"	0	0	0	0	2	0	0	0	0
"287"	"D158A"	20	12	56	10	76	5	53	11	18
"288"	"D158R"	49	91	418	221	523	187	379	42	155
"289"	"D158N"	149	133	477	329	581	247	376	384	628
"290"	"D158D"	3014773	1909822	2960140	2455585	3466874	3382227	2489099	3247726	3315190
"291"	"D158C"	0	5	36	27	55	11	21	13	19
"292"	"D158E"	196	246	605	393	1150	421	469	345	360
"293"	"D158Q"	46	76	150	154	184	31	96	211	456
"294"	"D158G"	508	301	957	450	1144	754	763	622	545
"295"	"D158H"	37	36	274	117	391	73	276	124	96
"296"	"D158I"	5	6	324	43	404	4	280	42	46
"297"	"D158L"	20	22	355	22	382	97	364	45	26
"298"	"D158K"	52	42	406	43	469	132	315	49	165
"299"	"D158M"	44	19	261	19	347	23	259	52	36
"300"	"D158F"	0	4	27	7	45	0	21	2	10
"301"	"D158P"	21	5	143	40	193	41	170	9	18
"302"	"D158S"	81	64	265	81	348	54	251	92	119
"303"	"D158T"	34	8	269	114	348	359	323	157	235
"304"	"D158W"	3	67	61	6	65	60	48	0	7
"305"	"D158Y"	174	185	330	251	1231	206	346	237	243
"306"	"D158V"	40	24	203	39	254	125	169	48	49
"307"	"D158X"	0	0	0	0	0	0	0	0	0
"308"	"D158B"	0	0	0	0	0	0	0	0	0
"309"	"Q159A"	0	0	0	0	0	0	0	0	0
"310"	"Q159R"	2364	1538	2278	1506	2725	4736	1875	2008	2109
"311"	"Q159N"	225	123	857	717	1030	195	740	619	699
"312"	"Q159D"	47	102	403	309	507	152	313	488	471
"313"	"Q159C"	114	15	369	116	516	162	311	174	143
"314"	"Q159E"	38	117	492	634	676	125	424	701	672
"315"	"Q159Q"	3012067	1908281	2955382	2451243	3460790	3377158	2485545	3242230	3310045
"316"	"Q159G"	86	50	572	241	689	89	474	313	232
"317"	"Q159H"	434	336	1076	1323	1641	848	865	1309	1759
"318"	"Q159I"	37	41	333	24	383	129	234	48	17
"319"	"Q159L"	56	42	471	114	608	185	363	99	140
"320"	"Q159K"	111	125	670	395	1854	270	580	457	409
"321"	"Q159M"	41	25	349	91	447	53	346	134	64
"322"	"Q159F"	18	23	276	28	365	180	202	47	55
"323"	"Q159P"	153	173	658	583	841	219	556	944	850
"324"	"Q159S"	0	0	0	1	1	0	0	0	0
"325"	"Q159T"	29	22	299	152	384	206	256	180	150
"326"	"Q159W"	14	20	314	18	383	16	266	77	43
"327"	"Q159Y"	15	42	340	106	411	55	255	63	118
"328"	"Q159V"	80	16	317	48	407	31	249	101	99
"329"	"Q159X"	0	0	1	1	3	1	2	0	0
"330"	"Q159B"	323	77	300	301	403	247	222	219	346
"331"	"L160A"	0	0	0	0	0	0	0	0	0
"332"	"L160R"	17	10	20	20	20	21	24	16	33
"333"	"L160N"	0	0	0	0	0	0	0	0	0
"334"	"L160D"	0	0	0	0	0	0	0	0	0
"335"	"L160C"	0	0	0	0	0	0	0	0	0
"336"	"L160E"	0	0	0	0	0	0	0	0	0
"337"	"L160Q"	42	43	37	42	51	58	31	55	64
"338"	"L160G"	0	0	0	0	0	0	0	0	0
"339"	"L160H"	0	0	0	0	0	0	0	0	0
"340"	"L160I"	0	0	0	0	0	0	0	0	0
"341"	"L160L"	3015615	1910499	2964627	2457165	3473314	3383999	2493011	3249205	3317410
"342"	"L160K"	0	0	0	0	0	0	0	0	0
"343"	"L160M"	108	144	220	209	550	284	217	231	245
"344"	"L160F"	0	0	0	0	1	0	0	0	0
"345"	"L160P"	453	458	835	494	1101	676	781	691	646
"346"	"L160S"	0	0	0	0	0	0	0	0	0
"347"	"L160T"	0	0	2	0	0	0	0	0	0
"348"	"L160W"	0	0	0	0	0	0	0	0	0
"349"	"L160Y"	0	0	0	0	0	0	0	0	0
"350"	"L160V"	17	14	16	21	27	19	14	13	23
"351"	"L160X"	0	0	0	0	0	0	0	0	0
"352"	"L160B"	0	0	0	0	0	0	0	0	0
"353"	"T161A"	320	202	645	226	888	312	540	398	374
"354"	"T161R"	29	13	197	66	284	56	181	25	49
"355"	"T161N"	98	116	375	144	462	66	326	101	85
"356"	"T161D"	154	41	380	159	489	64	324	215	148
"357"	"T161C"	30	44	389	122	458	39	309	82	113
"358"	"T161E"	28	13	378	83	402	51	264	91	123
"359"	"T161Q"	0	0	0	0	0	0	0	0	0
"360"	"T161G"	16	30	268	35	323	95	224	64	86
"361"	"T161H"	0	0	0	0	0	0	0	0	0
"362"	"T161I"	157	123	439	184	510	142	337	193	181
"363"	"T161L"	100	14	757	78	757	153	672	107	80
"364"	"T161K"	215	192	1600	260	1693	328	1214	259	246
"365"	"T161M"	23	29	322	65	398	197	255	60	96
"366"	"T161F"	16	43	288	34	359	43	215	55	35
"367"	"T161P"	8	22	198	5	258	17	128	45	10
"368"	"T161S"	73	79	276	161	345	167	267	189	162
"369"	"T161T"	3014764	1910138	2958218	2456158	3466199	3383152	2487964	3248170	3316482
"370"	"T161W"	53	4	327	36	322	24	251	51	37
"371"	"T161Y"	99	17	253	44	345	29	209	25	60
"372"	"T161V"	69	48	444	91	572	122	398	81	54
"373"	"T161X"	0	0	3	0	0	0	0	0	0
"374"	"T161B"	0	0	0	0	0	0	0	0	0
"375"	"R162A"	56	67	241	48	263	8	182	84	114
"376"	"R162R"	3015118	1910314	2959932	2456378	3466595	3383613	2489170	3247711	3316102
"377"	"R162N"	8	13	172	79	188	0	148	148	113
"378"	"R162D"	4	49	207	53	233	72	157	73	34
"379"	"R162C"	20	36	318	34	370	74	234	75	47
"380"	"R162E"	5	63	259	74	324	15	223	66	70
"381"	"R162Q"	210	75	400	242	635	183	393	298	287
"382"	"R162G"	122	67	393	120	494	95	333	188	206
"383"	"R162H"	7	16	149	57	217	0	148	78	63
"384"	"R162I"	20	22	235	18	281	209	204	33	34
"385"	"R162L"	353	200	916	235	2271	319	781	307	279
"386"	"R162K"	5	33	203	123	189	50	147	255	182
"387"	"R162M"	6	4	181	35	250	49	151	107	114
"388"	"R162F"	22	6	307	33	292	7	225	9	22
"389"	"R162P"	48	31	259	75	387	52	218	171	120
"390"	"R162S"	15	3	243	69	300	41	186	144	91
"391"	"R162T"	17	16	318	70	372	1	277	82	220
"392"	"R162W"	201	143	580	176	858	263	549	288	231
"393"	"R162Y"	11	6	207	15	231	6	174	56	53
"394"	"R162V"	4	4	232	17	311	0	178	38	39
"395"	"R162X"	0	0	5	0	3	0	0	0	0
"396"	"R162B"	0	0	0	0	0	0	0	0	0
"397"	"L163A"	79	41	281	139	390	26	245	116	118
"398"	"L163R"	42	33	352	24	419	61	297	66	30
"399"	"L163N"	62	48	388	36	460	80	294	65	43
"400"	"L163D"	32	111	390	72	620	98	339	47	27
"401"	"L163C"	0	0	0	0	0	0	0	0	0
"402"	"L163E"	52	48	428	32	551	90	350	49	91
"403"	"L163Q"	303	269	2355	338	2961	498	1732	403	498
"404"	"L163G"	24	23	239	63	342	63	234	37	21
"405"	"L163H"	25	7	595	55	620	67	452	35	81
"406"	"L163I"	78	33	375	300	468	92	272	606	455
"407"	"L163L"	3014494	1909744	2955792	2455170	3461696	3382077	2486029	3246594	3314712
"408"	"L163K"	5	35	544	67	567	55	374	53	80
"409"	"L163M"	236	219	633	606	1676	320	517	754	781
"410"	"L163F"	45	33	318	50	411	57	222	85	138
"411"	"L163P"	482	333	1165	287	1521	563	952	506	411
"412"	"L163S"	95	7	323	72	491	161	286	40	106
"413"	"L163T"	14	18	325	37	396	67	275	55	61
"414"	"L163W"	7	17	191	109	246	35	209	42	55
"415"	"L163Y"	43	39	369	40	400	55	321	37	109
"416"	"L163V"	134	110	694	453	827	592	678	621	604
"417"	"L163X"	0	0	0	1	1	0	0	0	0
"418"	"L163B"	0	0	0	0	1	0	0	0	0
"419"	"V164A"	280	221	1025	467	1249	618	887	426	617
"420"	"V164R"	0	0	1	0	1	0	1	0	0
"421"	"V164N"	35	15	326	17	435	281	320	44	14
"422"	"V164D"	11	25	277	20	395	14	269	42	30
"423"	"V164C"	0	0	0	0	0	0	0	0	0
"424"	"V164E"	159	51	417	123	493	39	356	127	137
"425"	"V164Q"	3	6	102	12	122	25	79	7	18
"426"	"V164G"	78	47	404	63	541	32	360	33	37
"427"	"V164H"	40	29	370	76	483	95	361	68	28
"428"	"V164I"	63	45	281	213	371	152	268	202	285
"429"	"V164L"	222	145	536	210	935	161	476	194	265
"430"	"V164K"	37	64	531	52	543	100	440	57	68
"431"	"V164M"	85	68	337	116	411	159	289	175	245
"432"	"V164F"	6	26	396	73	479	237	308	88	70
"433"	"V164P"	54	30	288	17	310	50	214	55	18
"434"	"V164S"	45	40	355	46	463	107	292	92	81
"435"	"V164T"	26	30	362	50	505	32	289	186	130
"436"	"V164W"	36	40	417	92	505	115	355	42	20
"437"	"V164Y"	105	101	522	100	688	71	455	101	158
"438"	"V164V"	3014967	1910185	2958808	2456204	3466134	3382769	2488059	3248272	3316200
"439"	"V164X"	0	0	0	0	0	0	0	0	0
"440"	"V164B"	0	0	2	0	1	0	0	0	0
"441"	"L165A"	276	50	299	591	459	193	300	909	682
"442"	"L165R"	57	45	483	78	635	165	399	62	79
"443"	"L165N"	39	22	455	56	615	63	373	38	115
"444"	"L165D"	103	31	394	38	501	96	301	32	58
"445"	"L165C"	0	0	0	0	0	0	0	0	0
"446"	"L165E"	26	17	331	18	456	74	302	89	25
"447"	"L165Q"	112	117	467	148	553	128	396	61	111
"448"	"L165G"	17	18	129	37	148	0	94	27	41
"449"	"L165H"	55	38	560	40	625	7	393	96	113
"450"	"L165I"	115	34	581	572	661	71	502	544	713
"451"	"L165L"	3013948	1909775	2955787	2453241	3461723	3381518	2486002	3244326	3312515
"452"	"L165K"	9	36	360	55	528	57	322	29	39
"453"	"L165M"	200	154	663	718	1207	315	518	1004	1055
"454"	"L165F"	48	33	273	168	413	186	234	326	292
"455"	"L165P"	554	227	1450	386	1895	950	1144	694	350
"456"	"L165S"	108	2	414	250	498	153	345	132	128
"457"	"L165T"	41	56	268	177	382	112	230	291	248
"458"	"L165W"	12	25	232	137	337	31	204	52	58
"459"	"L165Y"	58	50	403	297	500	138	323	436	505
"460"	"L165V"	474	438	2207	944	2927	800	1695	1063	1294
"461"	"L165X"	0	0	0	0	1	0	0	0	0
"462"	"L165B"	0	0	1	0	0	0	1	0	0
"463"	"V166A"	340	266	517	348	679	462	433	401	383
"464"	"V166R"	0	0	0	0	0	0	0	0	0
"465"	"V166N"	0	0	0	0	0	0	0	0	0
"466"	"V166D"	0	1	0	0	1	0	0	0	0
"467"	"V166C"	0	0	0	0	0	0	0	0	0
"468"	"V166E"	39	41	64	42	62	67	40	54	54
"469"	"V166Q"	0	0	0	0	0	0	0	0	0
"470"	"V166G"	3	3	10	5	9	10	5	8	5
"471"	"V166H"	0	0	0	0	0	0	0	0	0
"472"	"V166I"	1	0	0	0	0	0	0	0	1
"473"	"V166L"	166	130	367	182	568	192	323	171	218
"474"	"V166K"	0	0	0	0	0	0	0	0	0
"475"	"V166M"	168	77	158	138	202	167	132	146	168
"476"	"V166F"	0	0	1	1	0	0	0	0	0
"477"	"V166P"	0	0	0	0	0	0	0	0	0
"478"	"V166S"	0	0	0	0	0	1	1	0	1
"479"	"V166T"	0	0	0	0	1	0	0	0	0
"480"	"V166W"	0	0	0	0	0	0	0	0	0
"481"	"V166Y"	0	0	0	0	0	0	0	0	0
"482"	"V166V"	3015535	1910650	2964640	2457235	3473542	3384158	2493144	3249431	3317591
"483"	"V166X"	0	0	0	0	0	0	0	0	0
"484"	"V166B"	0	0	0	0	0	0	0	0	0
"485"	"N167A"	0	0	0	0	0	1	0	0	0
"486"	"N167R"	0	0	0	0	0	0	0	0	0
"487"	"N167N"	3014753	1910224	2964155	2456638	3473148	3383060	2492738	3248948	3316927
"488"	"N167D"	976	641	1030	906	1264	1433	902	730	980
"489"	"N167C"	0	0	0	0	0	0	0	0	0
"490"	"N167E"	0	0	0	0	0	0	0	0	0
"491"	"N167Q"	0	0	0	0	0	0	0	0	0
"492"	"N167G"	0	0	0	0	0	0	0	0	0
"493"	"N167H"	3	3	6	7	4	11	12	6	8
"494"	"N167I"	33	13	35	26	40	35	16	33	37
"495"	"N167L"	0	0	0	0	0	0	0	0	0
"496"	"N167K"	74	42	61	45	73	68	63	62	54
"497"	"N167M"	0	0	0	0	0	0	0	0	0
"498"	"N167F"	0	0	0	0	0	0	0	0	0
"499"	"N167P"	0	0	0	0	0	0	0	0	0
"500"	"N167S"	320	184	363	250	431	324	273	334	320
"501"	"N167T"	17	16	30	21	32	23	15	30	28
"502"	"N167W"	0	0	0	0	0	0	0	0	0
"503"	"N167Y"	76	45	77	58	72	102	59	68	67
"504"	"N167V"	0	0	0	0	0	0	0	0	0
"505"	"N167X"	0	0	0	0	0	0	0	0	0
"506"	"N167B"	0	0	0	0	0	0	0	0	0
"507"	"A168A"	3014777	1910365	2963856	2457029	3471388	3383521	2492381	3248663	3317070
"508"	"A168R"	0	0	0	0	0	0	0	0	0
"509"	"A168N"	0	0	0	0	0	0	0	0	0
"510"	"A168D"	101	89	247	81	543	163	186	117	134
"511"	"A168C"	0	0	0	0	0	0	0	0	0
"512"	"A168E"	1	0	0	1	0	0	0	1	0
"513"	"A168Q"	0	0	0	0	0	0	0	0	0
"514"	"A168G"	50	23	54	49	49	77	43	52	54
"515"	"A168H"	0	0	0	0	0	0	0	0	0
"516"	"A168I"	0	0	0	0	0	0	0	0	0
"517"	"A168L"	0	0	0	0	0	0	0	0	0
"518"	"A168K"	0	0	0	0	0	0	0	0	0
"519"	"A168M"	0	0	0	0	0	0	0	0	0
"520"	"A168F"	0	0	0	0	2	0	0	0	0
"521"	"A168P"	28	18	23	29	45	36	34	36	36
"522"	"A168S"	268	170	464	208	1549	287	437	283	242
"523"	"A168T"	315	169	456	208	532	348	394	323	305
"524"	"A168W"	0	0	0	0	0	0	0	0	0
"525"	"A168Y"	0	0	0	0	0	0	0	0	0
"526"	"A168V"	712	334	657	346	956	625	603	736	580
"527"	"A168X"	0	0	0	0	0	0	0	0	0
"528"	"A168B"	0	0	0	0	0	0	0	0	0
"529"	"L169A"	5365	3542	311	1067	344	5743	275	888	1233
"530"	"L169R"	83	30	235	20	277	27	211	25	18
"531"	"L169N"	69	195	428	652	494	245	369	859	865
"532"	"L169D"	927	535	347	304	465	1039	341	355	409
"533"	"L169C"	1661	1257	486	1203	611	1982	388	1568	1905
"534"	"L169E"	493	381	396	513	499	544	320	535	592
"535"	"L169Q"	36	167	327	328	421	69	264	323	379
"536"	"L169G"	3390	2209	329	699	443	3959	294	463	858
"537"	"L169H"	5717	1317	387	385	503	2143	345	568	617
"538"	"L169I"	395	255	959	485	2322	504	696	879	939
"539"	"L169L"	2990767	1895110	2958094	2449146	3464325	3360521	2487718	3239156	3305802
"540"	"L169K"	93	199	458	106	494	392	346	113	182
"541"	"L169M"	149	198	306	572	362	237	279	805	748
"542"	"L169F"	324	251	478	365	647	267	409	760	548
"543"	"L169P"	405	253	861	322	973	591	659	396	417
"544"	"L169S"	935	944	166	429	253	1303	151	578	586
"545"	"L169T"	98	91	360	630	474	179	332	1011	882
"546"	"L169W"	3191	2438	374	345	497	3021	283	462	745
"547"	"L169Y"	2014	1761	344	292	522	2229	303	339	550
"548"	"L169V"	136	35	110	87	128	62	94	128	144
"549"	"L169X"	3	0	1	1	10	0	1	0	2
"550"	"L169B"	1	0	0	0	0	0	0	0	0
"551"	"Y170A"	30	58	134	48	204	13	140	79	47
"552"	"Y170R"	20	3	242	37	317	21	208	37	64
"553"	"Y170N"	201	45	271	27	345	50	261	64	68
"554"	"Y170D"	63	27	345	41	477	46	310	63	42
"555"	"Y170C"	325	231	2475	326	2084	487	1998	435	478
"556"	"Y170E"	42	68	514	74	637	175	419	69	182
"557"	"Y170Q"	131	87	498	93	641	83	484	106	98
"558"	"Y170G"	226	198	275	173	470	431	286	120	118
"559"	"Y170H"	278	204	711	344	837	300	570	409	472
"560"	"Y170I"	22	29	298	34	379	43	243	85	132
"561"	"Y170L"	43	37	478	33	552	80	393	30	23
"562"	"Y170K"	37	64	410	88	444	92	308	43	78
"563"	"Y170M"	4	16	401	50	490	86	346	77	50
"564"	"Y170F"	52	51	376	80	444	205	276	91	134
"565"	"Y170P"	80	13	333	50	339	44	237	52	25
"566"	"Y170S"	37	139	386	245	453	130	293	269	227
"567"	"Y170T"	1892	584	258	329	324	945	210	572	543
"568"	"Y170W"	160	50	416	299	532	59	336	172	190
"569"	"Y170Y"	3012397	1909148	2956317	2455351	3464117	3381523	2486231	3247109	3314929
"570"	"Y170V"	78	36	363	85	409	31	353	175	358
"571"	"Y170X"	125	77	248	136	556	209	171	143	156
"572"	"Y170B"	9	3	8	8	13	4	5	11	7
"573"	"F171A"	30	34	350	40	436	17	303	51	85
"574"	"F171R"	34	12	227	14	249	11	183	31	26
"575"	"F171N"	28	36	198	24	265	37	215	19	47
"576"	"F171D"	21	67	348	66	423	36	269	78	49
"577"	"F171C"	133	96	377	79	455	34	310	96	56
"578"	"F171E"	14	13	315	59	438	30	227	49	60
"579"	"F171Q"	33	48	260	51	342	8	224	28	41
"580"	"F171G"	28	70	254	60	313	119	265	39	34
"581"	"F171H"	30	74	342	236	387	42	268	92	91
"582"	"F171I"	58	99	255	77	322	62	236	130	134
"583"	"F171L"	589	395	773	539	1326	646	650	760	966
"584"	"F171K"	4	9	214	23	246	47	213	29	22
"585"	"F171M"	31	30	404	67	459	138	362	169	148
"586"	"F171F"	3014538	1909513	2959082	2455853	3466726	3382530	2488338	3247754	3315711
"587"	"F171P"	12	0	200	3	260	1	182	5	6
"588"	"F171S"	426	316	1085	333	1191	552	937	389	400
"589"	"F171T"	3	1	158	19	211	69	143	33	41
"590"	"F171W"	79	118	288	66	267	327	222	91	107
"591"	"F171Y"	117	197	280	248	377	194	247	253	335
"592"	"F171V"	44	40	346	94	368	157	283	115	62
"593"	"F171X"	0	0	1	0	3	0	0	0	0
"594"	"F171B"	0	0	0	0	0	0	1	0	0
"595"	"N172A"	9	15	207	39	249	29	180	59	61
"596"	"N172R"	13	30	283	175	359	36	227	201	158
"597"	"N172N"	3014659	1909995	2956830	2454750	3465160	3381788	2486710	3245980	3314061
"598"	"N172D"	371	328	1439	886	1743	869	1231	1422	1527
"599"	"N172C"	65	34	267	90	321	95	211	156	67
"600"	"N172E"	43	45	194	168	295	32	155	239	234
"601"	"N172Q"	18	33	170	147	218	12	154	230	383
"602"	"N172G"	147	119	2897	209	2142	660	2216	365	284
"603"	"N172H"	59	75	217	232	249	432	127	287	238
"604"	"N172I"	12	25	151	22	222	19	150	32	24
"605"	"N172L"	69	6	269	64	334	17	222	10	18
"606"	"N172K"	179	144	468	510	839	312	398	500	581
"607"	"N172M"	71	14	303	27	362	117	330	69	17
"608"	"N172F"	65	10	199	14	281	9	175	16	19
"609"	"N172P"	86	85	181	90	291	97	173	42	20
"610"	"N172S"	289	158	653	335	706	341	503	391	464
"611"	"N172T"	18	10	327	32	360	58	272	81	77
"612"	"N172W"	29	14	206	38	278	35	151	27	32
"613"	"N172Y"	16	27	186	80	258	48	210	56	106
"614"	"N172V"	34	1	310	43	396	51	283	48	50
"615"	"N172X"	0	0	0	0	1	0	0	0	0
"616"	"N172B"	0	0	0	0	0	0	0	0	0
"617"	"G173A"	105	52	308	68	400	189	294	133	164
"618"	"G173R"	17	64	316	99	429	107	300	77	100
"619"	"G173N"	32	65	242	69	332	12	187	61	55
"620"	"G173D"	706	398	993	469	1333	972	936	627	583
"621"	"G173C"	281	284	889	366	2160	268	739	480	321
"622"	"G173E"	13	36	361	33	460	38	305	70	66
"623"	"G173Q"	68	19	409	66	540	35	311	68	175
"624"	"G173G"	3012864	1908790	2957272	2455301	3461510	3381517	2486677	3246636	3315242
"625"	"G173H"	48	18	344	34	515	19	246	70	58
"626"	"G173I"	380	60	363	171	474	191	310	69	92
"627"	"G173L"	18	6	326	52	369	58	261	58	95
"628"	"G173K"	11	41	235	46	388	10	220	200	74
"629"	"G173M"	25	50	290	110	404	32	241	112	213
"630"	"G173F"	97	91	656	77	732	167	564	138	148
"631"	"G173P"	999	708	565	249	782	402	545	274	221
"632"	"G173S"	243	115	512	188	910	214	481	301	246
"633"	"G173T"	23	23	344	46	462	52	260	94	49
"634"	"G173W"	38	82	393	127	490	327	352	153	49
"635"	"G173Y"	17	38	297	115	331	42	224	105	187
"636"	"G173V"	267	228	641	265	2040	405	618	485	283
"637"	"G173X"	0	0	1	0	2	0	4	0	0
"638"	"G173B"	0	0	0	0	1	0	3	0	0
"639"	"Q174A"	0	0	0	0	0	0	0	0	0
"640"	"Q174R"	351	258	783	491	1095	395	707	743	602
"641"	"Q174N"	107	97	282	159	348	262	215	381	373
"642"	"Q174D"	87	161	324	134	396	8	231	302	356
"643"	"Q174C"	52	26	387	120	523	22	340	217	179
"644"	"Q174E"	95	59	239	452	333	106	195	288	270
"645"	"Q174Q"	3013579	1909029	2958653	2453851	3464523	3381499	2488023	3245257	3313519
"646"	"Q174G"	67	119	288	124	352	84	186	227	201
"647"	"Q174H"	241	172	534	360	973	279	477	564	457
"648"	"Q174I"	59	130	350	116	423	116	296	120	137
"649"	"Q174L"	96	90	438	140	559	74	390	191	225
"650"	"Q174K"	151	126	381	442	1501	246	338	377	455
"651"	"Q174M"	7	35	333	130	384	33	306	118	120
"652"	"Q174F"	61	24	343	82	436	139	293	71	110
"653"	"Q174P"	704	432	337	292	444	1112	334	313	300
"654"	"Q174S"	0	0	0	0	1	0	0	0	0
"655"	"Q174T"	16	49	291	237	351	67	254	318	293
"656"	"Q174W"	24	47	371	80	439	89	268	107	81
"657"	"Q174Y"	306	93	409	353	522	40	396	192	280
"658"	"Q174V"	39	37	421	123	443	121	295	132	144
"659"	"Q174X"	0	0	1	0	0	0	1	0	0
"660"	"Q174B"	210	184	592	265	1018	365	533	293	319
"661"	"W175A"	1	26	287	7	376	65	231	33	55
"662"	"W175R"	369	238	916	251	1203	510	839	361	317
"663"	"W175N"	10	54	269	31	342	60	234	27	24
"664"	"W175D"	5	33	417	20	509	34	310	58	66
"665"	"W175C"	271	177	762	346	1413	226	617	257	214
"666"	"W175E"	29	34	266	26	384	176	203	9	45
"667"	"W175Q"	52	28	246	17	287	41	187	14	27
"668"	"W175G"	44	223	773	55	794	98	631	66	46
"669"	"W175H"	18	150	412	59	481	294	306	47	32
"670"	"W175I"	187	117	314	67	441	137	295	43	78
"671"	"W175L"	1080	685	587	284	1647	1170	591	301	292
"672"	"W175K"	37	5	229	12	258	15	187	18	39
"673"	"W175M"	348	216	327	97	463	469	239	71	71
"674"	"W175F"	1076	1027	385	510	506	1210	287	595	557
"675"	"W175P"	63	43	348	29	409	24	315	44	12
"676"	"W175S"	117	47	338	41	427	113	280	69	56
"677"	"W175T"	118	71	438	57	544	383	376	91	52
"678"	"W175W"	3011704	1907578	2957069	2455635	3462817	3379421	2486801	3247607	3315884
"679"	"W175Y"	288	139	294	88	368	265	215	166	149
"680"	"W175V"	67	80	435	30	525	48	386	35	46
"681"	"W175X"	207	98	397	149	480	153	352	160	189
"682"	"W175B"	161	99	248	140	390	145	196	139	170
