	"Variants"	"4640-LH-1_ACAGTG"	"4640-LH-1_ACTTGA"	"4640-LH-1_ATCACG"	"4640-LH-1_CAGATC"	"4640-LH-1_CGATGT"	"4640-LH-1_CTTGTA"	"4640-LH-1_GCCAAT"	"4640-LH-1_TGACCA"	"4640-LH-1_TTAGGC"
"1"	"G84A"	231	118	589	317	664	173	798	449	572
"2"	"G84R"	1044	630	1214	986	1440	978	1617	940	1046
"3"	"G84N"	180	105	1328	361	1113	173	1475	324	491
"4"	"G84D"	35	72	416	276	450	77	572	231	213
"5"	"G84C"	621	275	573	758	680	241	781	428	684
"6"	"G84E"	630	502	963	603	945	1132	1260	535	932
"7"	"G84Q"	523	191	469	355	507	341	634	254	323
"8"	"G84G"	4894691	2598240	4133616	4234347	4548422	4416288	5396527	3709620	4601874
"9"	"G84H"	170	90	497	235	593	204	719	155	294
"10"	"G84I"	257	124	427	287	447	449	609	279	243
"11"	"G84L"	1909	764	689	1453	737	1372	944	871	1148
"12"	"G84K"	239	226	968	755	1005	760	1307	300	544
"13"	"G84M"	576	299	672	643	688	519	783	450	1051
"14"	"G84F"	117	431	417	356	439	328	583	193	314
"15"	"G84P"	167	152	2217	706	1985	703	2740	329	572
"16"	"G84S"	52	59	469	468	511	97	564	355	445
"17"	"G84T"	398	185	435	437	491	1111	644	245	611
"18"	"G84W"	949	894	2984	1122	2121	1288	3540	928	984
"19"	"G84Y"	359	143	574	420	581	277	735	657	471
"20"	"G84V"	644	583	1589	967	1544	841	2001	572	1004
"21"	"G84X"	2	0	7	0	2	3	1	0	1
"22"	"G84B"	0	0	2	11	1	1	0	1	0
"23"	"P85A"	525	216	612	398	689	347	746	373	326
"24"	"P85R"	97	209	781	375	748	62	993	293	230
"25"	"P85N"	82	144	561	415	561	173	767	319	441
"26"	"P85D"	329	244	469	686	502	554	710	566	528
"27"	"P85C"	326	546	654	773	612	650	834	674	830
"28"	"P85E"	348	116	515	584	563	405	681	474	485
"29"	"P85Q"	339	258	914	698	1043	497	1247	715	655
"30"	"P85G"	443	519	811	1144	763	748	957	623	917
"31"	"P85H"	82	94	528	376	612	500	664	266	306
"32"	"P85I"	315	479	374	336	550	463	502	240	287
"33"	"P85L"	3045	1502	1467	1054	1742	3890	2072	909	1748
"34"	"P85K"	35	19	524	406	568	109	686	363	508
"35"	"P85M"	618	456	452	811	523	363	665	307	624
"36"	"P85F"	0	247	465	208	485	326	563	168	188
"37"	"P85P"	4894947	2596960	4138238	4235125	4551154	4414852	5401662	3709674	4602516
"38"	"P85S"	679	465	980	965	1165	948	1452	806	1260
"39"	"P85T"	866	606	1005	696	1131	802	1305	684	833
"40"	"P85W"	38	12	497	117	506	61	661	86	164
"41"	"P85Y"	13	97	544	263	654	181	722	190	282
"42"	"P85V"	667	894	712	431	776	1423	915	384	686
"43"	"P85X"	0	0	10	2	13	2	27	2	0
"44"	"P85B"	0	0	2	0	6	0	3	0	3
"45"	"W86A"	49	31	361	350	421	114	525	361	519
"46"	"W86R"	470	311	1144	873	1236	435	1499	758	817
"47"	"W86N"	127	56	716	322	721	107	877	307	304
"48"	"W86D"	197	31	406	406	401	3	589	385	414
"49"	"W86C"	756	352	1118	1137	1232	566	1391	1058	1087
"50"	"W86E"	153	40	272	370	343	103	363	350	457
"51"	"W86Q"	56	24	348	329	392	156	453	125	227
"52"	"W86G"	100	52	480	524	536	133	701	395	556
"53"	"W86H"	43	15	318	309	354	17	474	235	355
"54"	"W86I"	21	53	377	342	378	183	470	228	418
"55"	"W86L"	1509	1039	1102	983	1235	1668	1397	1016	1027
"56"	"W86K"	24	11	385	260	448	81	523	212	194
"57"	"W86M"	1256	636	386	733	520	877	496	575	734
"58"	"W86F"	398	127	658	399	664	373	829	293	285
"59"	"W86P"	138	90	350	155	393	105	474	276	353
"60"	"W86S"	155	55	422	423	425	142	619	309	282
"61"	"W86T"	121	25	345	314	421	181	502	479	538
"62"	"W86W"	4896537	2600157	4138460	4231744	4551455	4419958	5402223	3707574	4599163
"63"	"W86Y"	118	121	380	450	403	183	519	246	571
"64"	"W86V"	605	75	559	494	633	553	828	342	436
"65"	"W86X"	618	468	1863	2118	1978	904	2340	1054	2523
"66"	"W86B"	343	314	665	2828	777	514	742	1538	2557
"67"	"N87A"	57	140	399	205	431	202	533	174	215
"68"	"N87R"	322	201	433	208	439	251	613	263	427
"69"	"N87N"	4896154	2598550	4138052	4237763	4551803	4419102	5401267	3711928	4605901
"70"	"N87D"	1537	932	3045	1606	2830	1491	3989	1225	1520
"71"	"N87C"	176	105	497	281	567	293	792	190	319
"72"	"N87E"	185	261	1173	392	1057	438	1328	236	352
"73"	"N87Q"	133	190	573	287	567	277	658	312	372
"74"	"N87G"	190	77	422	392	527	53	680	221	502
"75"	"N87H"	256	277	404	205	402	105	435	239	206
"76"	"N87I"	266	296	371	304	387	497	429	227	179
"77"	"N87L"	480	162	468	229	489	382	589	180	239
"78"	"N87K"	316	390	1020	713	1048	626	1445	416	633
"79"	"N87M"	182	437	367	421	433	263	522	185	268
"80"	"N87F"	679	369	408	343	528	392	739	205	251
"81"	"N87P"	103	78	317	350	340	75	438	308	353
"82"	"N87S"	889	562	1171	905	1335	752	1663	706	955
"83"	"N87T"	471	197	455	255	522	563	612	348	263
"84"	"N87W"	453	215	553	217	628	331	795	216	216
"85"	"N87Y"	758	457	613	372	678	911	850	334	431
"86"	"N87V"	187	187	370	408	347	352	452	196	215
"87"	"N87X"	0	0	4	7	7	0	5	7	0
"88"	"N87B"	0	0	0	0	1	0	0	0	0
"89"	"K88A"	299	413	407	249	481	540	582	327	316
"90"	"K88R"	816	511	938	1072	1061	675	1329	779	1069
"91"	"K88N"	1705	794	1263	1124	1364	1706	1777	861	882
"92"	"K88D"	570	425	418	336	519	429	606	301	321
"93"	"K88C"	92	157	444	279	443	261	609	345	383
"94"	"K88E"	1799	889	1770	1334	1847	1984	2389	1344	1450
"95"	"K88Q"	450	199	425	552	565	625	719	639	529
"96"	"K88G"	318	73	402	298	451	37	614	339	331
"97"	"K88H"	169	208	399	437	444	711	627	388	507
"98"	"K88I"	1	42	340	184	355	404	463	206	138
"99"	"K88L"	331	142	411	396	485	223	485	486	800
"100"	"K88K"	4893884	2597917	4140198	4236296	4553346	4416025	5403722	3709643	4603777
"101"	"K88M"	89	89	461	328	587	276	580	354	526
"102"	"K88F"	289	243	361	290	383	232	409	272	242
"103"	"K88P"	900	541	487	291	536	1021	597	425	458
"104"	"K88S"	217	100	331	288	386	246	477	264	202
"105"	"K88T"	801	288	580	493	579	226	762	294	425
"106"	"K88W"	653	402	376	403	391	1055	529	225	323
"107"	"K88Y"	176	323	510	747	539	155	762	245	578
"108"	"K88V"	102	42	489	314	530	77	697	281	438
"109"	"K88X"	0	0	4	0	3	0	3	0	0
"110"	"K88B"	133	285	101	152	71	448	96	98	122
"111"	"D89A"	135	24	346	259	415	37	479	303	357
"112"	"D89R"	221	189	414	384	379	110	445	220	281
"113"	"D89N"	245	149	560	718	693	254	772	454	704
"114"	"D89D"	4896243	2599794	4142186	4236317	4555441	4420749	5407193	3710907	4605037
"115"	"D89C"	1142	480	352	752	485	389	442	576	636
"116"	"D89E"	243	195	466	629	474	322	521	356	378
"117"	"D89Q"	3301	1966	566	900	625	2795	710	618	734
"118"	"D89G"	572	235	1022	1107	1109	821	1239	851	1354
"119"	"D89H"	160	176	457	474	504	215	654	394	580
"120"	"D89I"	90	130	590	1017	644	267	875	470	668
"121"	"D89L"	121	27	373	415	459	114	514	407	329
"122"	"D89K"	132	137	249	139	301	93	329	131	101
"123"	"D89M"	0	0	0	0	0	0	0	0	0
"124"	"D89F"	7	53	398	202	378	76	579	221	162
"125"	"D89P"	52	12	468	277	440	19	646	145	191
"126"	"D89S"	167	44	345	293	355	44	510	192	342
"127"	"D89T"	118	21	473	596	483	328	436	666	713
"128"	"D89W"	184	72	610	429	738	99	846	362	268
"129"	"D89Y"	445	263	746	660	913	497	1046	550	600
"130"	"D89V"	215	116	492	295	530	127	596	293	382
"131"	"D89X"	0	0	0	0	0	0	2	0	0
"132"	"D89B"	1	0	2	0	0	0	0	0	0
"133"	"E90A"	362	116	477	517	568	157	708	329	394
"134"	"E90R"	93	28	360	155	451	161	541	121	192
"135"	"E90N"	23	38	421	255	481	255	585	253	313
"136"	"E90D"	2052	1897	1446	2261	1647	3124	2033	1868	2425
"137"	"E90C"	240	306	604	1037	680	383	810	652	976
"138"	"E90E"	4892070	2594757	4139109	4233014	4552181	4413039	5403055	3708252	4600946
"139"	"E90Q"	104	95	605	360	624	144	715	281	437
"140"	"E90G"	823	413	1160	1073	1219	1157	1619	769	1043
"141"	"E90H"	74	53	427	227	465	112	532	230	268
"142"	"E90I"	53	62	553	523	592	83	670	304	331
"143"	"E90L"	71	18	454	223	533	22	613	164	386
"144"	"E90K"	850	165	989	440	1117	290	1369	397	483
"145"	"E90M"	1004	1082	535	761	493	1218	701	740	736
"146"	"E90F"	1323	1366	620	814	686	1503	725	656	956
"147"	"E90P"	32	69	357	131	445	100	505	120	149
"148"	"E90S"	0	0	1	2	3	0	0	7	0
"149"	"E90T"	113	82	578	389	537	71	724	251	375
"150"	"E90W"	1312	882	397	708	466	1616	535	347	322
"151"	"E90Y"	2045	1695	497	1002	594	2383	650	918	873
"152"	"E90V"	244	252	717	760	681	392	791	650	825
"153"	"E90X"	1	0	6	0	2	0	10	0	1
"154"	"E90B"	905	707	802	1211	901	1146	943	807	1386
"155"	"I91A"	68	72	506	153	522	102	649	100	133
"156"	"I91R"	200	112	454	115	528	201	572	61	54
"157"	"I91N"	268	179	397	126	488	427	585	125	136
"158"	"I91D"	0	0	0	0	0	0	0	0	0
"159"	"I91C"	615	477	610	389	642	750	979	287	370
"160"	"I91E"	733	353	1079	336	1073	848	1460	381	583
"161"	"I91Q"	960	162	553	76	587	318	725	119	164
"162"	"I91G"	792	1111	1500	686	1450	1806	2016	276	413
"163"	"I91H"	40	31	4	18	0	65	2	12	12
"164"	"I91I"	1421644	835341	4055902	3556981	4432159	1636769	5314328	3091035	3849081
"165"	"I91L"	3469138	1761880	84861	682608	122121	2777873	90628	621859	758042
"166"	"I91K"	77	71	391	84	404	29	456	45	45
"167"	"I91M"	3881	1421	526	751	663	2372	668	638	881
"168"	"I91F"	3929	1915	598	1148	598	2999	803	1039	1326
"169"	"I91P"	387	261	402	175	509	447	608	154	122
"170"	"I91S"	120	98	622	117	666	1146	786	79	102
"171"	"I91T"	146	131	891	418	987	164	1124	284	384
"172"	"I91W"	453	299	645	732	711	629	917	532	523
"173"	"I91Y"	0	0	0	0	0	0	1	0	0
"174"	"I91V"	343	169	1174	949	1258	410	1526	1090	1446
"175"	"I91X"	0	0	0	1	0	1	1	0	0
"176"	"I91B"	0	0	0	0	0	0	0	0	0
"177"	"S92A"	0	0	0	0	0	0	0	0	0
"178"	"S92R"	320	219	1060	854	1172	411	1501	684	746
"179"	"S92N"	271	241	753	734	790	654	923	626	941
"180"	"S92D"	41	36	598	134	621	24	755	118	263
"181"	"S92C"	252	84	600	721	622	583	923	519	668
"182"	"S92E"	70	82	450	267	486	263	605	259	301
"183"	"S92Q"	0	0	0	0	0	0	0	0	0
"184"	"S92G"	1211	400	2178	1429	2544	1010	3143	1029	1227
"185"	"S92H"	68	58	501	624	530	127	681	435	587
"186"	"S92I"	845	465	1000	1438	1201	518	1380	1317	1386
"187"	"S92L"	375	404	766	766	767	646	962	760	972
"188"	"S92K"	45	58	464	320	513	236	635	263	217
"189"	"S92M"	338	285	541	554	616	296	676	505	691
"190"	"S92F"	814	474	605	832	702	1127	797	666	1028
"191"	"S92P"	343	316	409	99	467	416	558	59	73
"192"	"S92S"	4897481	2600370	4138588	4234547	4551560	4420517	5401778	3708595	4601673
"193"	"S92T"	60	122	636	414	704	182	890	407	636
"194"	"S92W"	180	61	467	736	526	124	595	531	915
"195"	"S92Y"	983	319	743	762	692	116	979	539	757
"196"	"S92V"	97	89	755	632	850	106	1048	804	736
"197"	"S92X"	0	0	1	0	3	0	5	0	0
"198"	"S92B"	0	0	0	0	0	0	0	0	0
"199"	"T93A"	1186	1113	1292	1347	1422	1230	1728	1031	1203
"200"	"T93R"	151	154	631	301	641	312	890	123	303
"201"	"T93N"	175	144	588	559	710	348	902	492	549
"202"	"T93D"	37	38	464	98	531	187	607	131	168
"203"	"T93C"	1700	1149	488	746	581	1766	685	551	595
"204"	"T93E"	718	293	778	1278	928	773	1219	682	901
"205"	"T93Q"	884	138	706	524	735	450	850	423	468
"206"	"T93G"	1707	1144	519	714	597	1838	791	415	671
"207"	"T93H"	1009	430	853	540	821	831	1183	437	460
"208"	"T93I"	401	190	537	709	607	466	811	536	645
"209"	"T93L"	236	163	585	782	609	224	746	617	700
"210"	"T93K"	110	107	458	240	464	162	611	178	242
"211"	"T93M"	1673	1046	479	941	582	1364	636	921	1000
"212"	"T93F"	966	690	488	559	520	1116	578	494	499
"213"	"T93P"	94	52	645	212	651	121	863	143	305
"214"	"T93S"	700	362	632	723	654	282	810	609	861
"215"	"T93T"	4886662	2594120	4139735	4234056	4552760	4411403	5403267	3709310	4602596
"216"	"T93W"	2700	1209	374	472	503	2098	476	298	474
"217"	"T93Y"	2576	1427	500	482	626	2309	728	310	500
"218"	"T93V"	100	98	360	580	422	75	447	415	677
"219"	"T93X"	9	16	3	0	2	1	5	0	0
"220"	"T93B"	0	0	0	0	0	0	1	0	0
"221"	"T94A"	727	405	1857	1229	1929	931	2335	1368	1337
"222"	"T94R"	100	26	554	162	616	156	726	71	52
"223"	"T94N"	84	46	382	95	394	19	462	104	302
"224"	"T94D"	78	56	460	70	587	97	724	43	131
"225"	"T94C"	310	92	650	517	678	75	748	517	708
"226"	"T94E"	2	115	337	58	360	1	418	89	178
"227"	"T94Q"	0	0	0	0	0	0	0	0	0
"228"	"T94G"	40	114	579	739	582	96	720	296	553
"229"	"T94H"	0	0	0	0	0	0	0	0	0
"230"	"T94I"	719	298	622	963	717	931	772	991	1133
"231"	"T94L"	45	8	88	158	121	20	128	121	148
"232"	"T94K"	207	147	681	279	833	219	984	209	242
"233"	"T94M"	34	58	402	576	461	48	532	287	402
"234"	"T94F"	11	71	552	1018	595	163	665	595	1058
"235"	"T94P"	34	29	366	69	404	33	466	54	51
"236"	"T94S"	132	107	555	233	590	163	737	284	333
"237"	"T94T"	4900276	2602062	4141689	4238556	4555014	4423619	5406664	3711854	4605479
"238"	"T94W"	46	31	550	201	580	5	724	153	270
"239"	"T94Y"	161	27	397	271	462	102	521	269	548
"240"	"T94V"	788	391	393	669	443	678	508	811	891
"241"	"T94X"	0	0	1	0	0	0	0	0	1
"242"	"T94B"	0	0	0	0	0	0	0	0	0
"243"	"D95A"	961	403	557	877	618	1139	750	533	836
"244"	"D95R"	478	162	558	373	666	426	678	285	453
"245"	"D95N"	118	253	674	1279	798	101	918	602	1047
"246"	"D95D"	4895460	2598378	4139345	4234419	4552104	4417321	5402916	3710731	4603306
"247"	"D95C"	814	225	372	396	490	357	571	239	403
"248"	"D95E"	1180	860	999	1232	1178	1165	1342	997	1210
"249"	"D95Q"	235	146	450	629	544	473	665	390	452
"250"	"D95G"	1102	586	1037	1290	1131	718	1299	780	1046
"251"	"D95H"	319	232	737	486	717	255	1035	236	440
"252"	"D95I"	269	450	508	204	500	548	564	245	269
"253"	"D95L"	97	128	446	165	461	250	511	102	184
"254"	"D95K"	226	288	399	264	495	149	508	103	170
"255"	"D95M"	720	414	448	614	450	662	595	332	610
"256"	"D95F"	88	79	533	296	614	178	657	201	399
"257"	"D95P"	102	48	652	166	772	88	845	127	226
"258"	"D95S"	265	271	554	1056	705	763	861	747	758
"259"	"D95T"	442	431	919	1077	997	831	1371	623	881
"260"	"D95W"	208	195	569	288	645	387	772	190	267
"261"	"D95Y"	538	300	800	503	969	815	1248	465	545
"262"	"D95V"	172	234	554	249	512	730	727	188	315
"263"	"D95X"	0	0	4	0	0	0	1	0	0
"264"	"D95B"	0	0	0	0	0	0	0	0	0
"265"	"A96A"	4900511	2601792	4140543	4241001	4553726	4423983	5404595	3714172	4609087
"266"	"A96R"	0	0	2	0	1	0	0	1	0
"267"	"A96N"	158	140	621	200	691	281	847	124	201
"268"	"A96D"	177	116	449	188	519	96	586	100	126
"269"	"A96C"	97	121	496	474	508	199	709	158	352
"270"	"A96E"	401	185	753	584	914	299	1040	627	472
"271"	"A96Q"	247	73	462	77	485	251	686	107	211
"272"	"A96G"	47	102	610	342	631	157	811	403	420
"273"	"A96H"	272	34	853	237	828	65	1185	141	235
"274"	"A96I"	72	13	343	143	444	62	480	108	154
"275"	"A96L"	15	42	514	121	561	162	695	126	174
"276"	"A96K"	83	58	478	132	511	8	729	77	145
"277"	"A96M"	156	45	490	164	597	285	656	227	307
"278"	"A96F"	51	151	513	211	533	137	664	117	183
"279"	"A96P"	349	196	518	113	614	186	739	111	110
"280"	"A96S"	419	461	577	370	750	299	662	428	396
"281"	"A96T"	268	176	939	395	986	324	1194	390	413
"282"	"A96W"	24	70	458	315	557	94	623	60	106
"283"	"A96Y"	89	51	479	139	531	114	551	75	105
"284"	"A96V"	358	257	1014	656	978	354	1380	564	620
"285"	"A96X"	0	0	3	0	0	0	2	0	0
"286"	"A96B"	0	0	0	1	1	0	0	0	0
"287"	"I97A"	104	8	453	30	471	78	685	38	64
"288"	"I97R"	83	36	415	21	460	47	551	42	84
"289"	"I97N"	705	60	596	98	585	181	834	70	137
"290"	"I97D"	0	0	0	0	1	0	0	0	0
"291"	"I97C"	21	198	612	62	654	88	871	29	127
"292"	"I97E"	23	48	496	46	633	32	683	24	20
"293"	"I97Q"	96	110	556	169	642	26	822	51	38
"294"	"I97G"	56	28	513	30	619	119	725	21	35
"295"	"I97H"	0	0	0	0	0	0	0	0	0
"296"	"I97I"	4901554	2602704	4141816	4243318	4554858	4425084	5405944	3716097	4611146
"297"	"I97L"	101	28	507	423	556	110	676	317	518
"298"	"I97K"	1	21	538	28	618	18	660	35	75
"299"	"I97M"	103	79	577	390	689	152	814	250	312
"300"	"I97F"	92	51	490	135	536	94	622	141	188
"301"	"I97P"	76	171	534	21	575	355	607	84	30
"302"	"I97S"	46	21	469	128	546	79	734	49	50
"303"	"I97T"	334	262	1097	389	1173	343	1548	293	358
"304"	"I97W"	34	40	505	58	566	94	736	56	98
"305"	"I97Y"	0	0	0	0	0	0	0	0	0
"306"	"I97V"	365	218	938	517	1179	456	1314	519	537
"307"	"I97X"	0	0	3	0	5	0	6	0	0
"308"	"I97B"	0	0	0	0	0	0	2	0	0
"309"	"F98A"	54	136	603	117	664	49	734	53	37
"310"	"F98R"	195	64	450	38	522	2	649	27	82
"311"	"F98N"	70	102	633	47	734	439	959	116	82
"312"	"F98D"	38	93	617	66	693	164	802	46	94
"313"	"F98C"	99	36	504	11	577	118	692	23	83
"314"	"F98E"	147	31	498	49	592	148	563	49	82
"315"	"F98Q"	79	57	541	48	583	72	759	29	33
"316"	"F98G"	43	5	576	70	597	34	661	86	62
"317"	"F98H"	39	42	628	214	569	158	774	52	137
"318"	"F98I"	190	65	557	224	566	103	727	215	203
"319"	"F98L"	951	537	1530	986	1706	990	2161	840	954
"320"	"F98K"	12	23	610	69	568	116	694	26	45
"321"	"F98M"	41	84	542	97	567	15	727	60	57
"322"	"F98F"	4900475	2602147	4137415	4242016	4550390	4423087	5400283	3715049	4610366
"323"	"F98P"	17	7	316	42	374	530	450	40	4
"324"	"F98S"	570	324	2512	534	2816	487	3591	460	412
"325"	"F98T"	428	137	985	323	1013	286	1489	176	184
"326"	"F98W"	85	93	563	467	652	226	793	450	561
"327"	"F98Y"	101	46	400	209	489	143	568	111	138
"328"	"F98V"	160	54	611	236	679	189	739	208	201
"329"	"F98X"	0	0	23	0	12	0	19	0	0
"330"	"F98B"	0	0	1	0	3	0	0	0	0
"331"	"V99A"	826	416	1331	581	1498	613	1789	564	667
"332"	"V99R"	0	0	1	0	1	0	0	0	0
"333"	"V99N"	53	59	449	45	548	213	680	15	30
"334"	"V99D"	77	48	461	76	480	82	541	96	82
"335"	"V99C"	0	0	0	0	0	0	0	0	0
"336"	"V99E"	12	13	546	41	564	123	743	71	43
"337"	"V99Q"	12	17	580	52	592	144	794	47	52
"338"	"V99G"	46	120	571	41	661	85	855	70	154
"339"	"V99H"	16	2	501	86	493	27	640	33	64
"340"	"V99I"	379	196	832	849	981	542	1089	595	838
"341"	"V99L"	204	93	586	623	581	210	805	274	369
"342"	"V99K"	146	69	482	106	507	341	547	53	61
"343"	"V99M"	66	26	476	415	505	32	660	363	411
"344"	"V99F"	454	299	1128	570	1228	353	1459	413	471
"345"	"V99P"	613	149	1270	265	1389	21	1887	214	362
"346"	"V99S"	2	33	511	62	557	60	668	77	43
"347"	"V99T"	12	92	498	88	550	187	708	119	114
"348"	"V99W"	106	46	632	165	635	171	733	74	58
"349"	"V99Y"	149	30	495	265	668	176	742	108	117
"350"	"V99V"	4900621	2602375	4139758	4241533	4552920	4423976	5403479	3714930	4609876
"351"	"V99X"	0	0	5	0	6	0	15	0	5
"352"	"V99B"	0	0	2	0	2	0	0	0	0
"353"	"Q100A"	0	0	0	0	0	0	1	0	0
"354"	"Q100R"	763	472	2256	1192	2482	541	3130	763	816
"355"	"Q100N"	163	25	676	474	726	85	805	314	513
"356"	"Q100D"	88	43	490	442	561	41	667	304	508
"357"	"Q100C"	0	41	206	82	282	84	367	25	80
"358"	"Q100E"	69	101	518	529	613	94	756	287	407
"359"	"Q100Q"	4900222	2601735	4137949	4236507	4550674	4422969	5401153	3711974	4605145
"360"	"Q100G"	73	46	506	473	609	71	695	378	491
"361"	"Q100H"	695	322	1090	1396	1312	521	1350	1074	1236
"362"	"Q100I"	47	19	565	103	578	223	686	73	119
"363"	"Q100L"	32	97	588	153	674	176	786	156	226
"364"	"Q100K"	246	205	997	580	1075	493	1287	429	509
"365"	"Q100M"	117	147	771	450	836	140	963	565	716
"366"	"Q100F"	22	38	488	140	551	132	677	81	211
"367"	"Q100P"	84	84	566	310	658	182	634	373	477
"368"	"Q100S"	0	0	0	0	0	0	0	0	0
"369"	"Q100T"	651	271	500	467	580	442	643	313	486
"370"	"Q100W"	6	27	526	96	489	54	710	47	88
"371"	"Q100Y"	60	28	478	116	520	259	609	77	166
"372"	"Q100V"	122	42	475	143	608	126	780	99	115
"373"	"Q100X"	0	0	3	5	5	0	17	0	0
"374"	"Q100B"	334	340	1467	2205	1533	723	2118	784	1508
"375"	"R101A"	87	81	1011	612	1064	21	1411	487	716
"376"	"R101R"	4899669	2601877	4136408	4235699	4549941	4423108	5398877	3710437	4602754
"377"	"R101N"	40	39	547	624	560	168	801	352	680
"378"	"R101D"	40	133	809	481	813	84	1185	406	370
"379"	"R101C"	309	34	543	505	593	203	700	340	433
"380"	"R101E"	91	23	418	301	473	64	588	199	298
"381"	"R101Q"	784	254	1180	1566	1268	734	1665	1101	2157
"382"	"R101G"	137	85	719	458	817	150	1037	288	644
"383"	"R101H"	34	37	490	491	588	113	593	351	554
"384"	"R101I"	72	72	498	249	598	39	734	219	260
"385"	"R101L"	395	276	1749	488	1360	557	2035	533	428
"386"	"R101K"	123	75	468	650	483	165	550	380	628
"387"	"R101M"	4	18	562	179	553	176	743	246	369
"388"	"R101F"	36	73	451	190	495	28	570	179	215
"389"	"R101P"	71	78	1029	376	1164	194	1404	267	193
"390"	"R101S"	185	131	873	607	767	154	1172	567	850
"391"	"R101T"	119	41	504	436	613	102	694	326	428
"392"	"R101W"	1415	667	1844	1404	2110	1107	2635	1078	1302
"393"	"R101Y"	141	34	409	322	476	115	602	258	237
"394"	"R101V"	42	55	600	224	629	74	837	102	300
"395"	"R101X"	0	0	2	0	1	0	1	0	0
"396"	"R101B"	0	0	1	1	0	0	0	0	1
"397"	"D102A"	47	31	577	112	651	46	760	52	65
"398"	"D102R"	37	47	542	136	582	208	728	147	189
"399"	"D102N"	159	133	740	450	803	138	1032	433	449
"400"	"D102D"	4901047	2602305	4135436	4240880	4549957	4423236	5398031	3714430	4608580
"401"	"D102C"	391	197	3755	266	2656	652	4906	229	316
"402"	"D102E"	421	150	826	983	870	306	1183	467	719
"403"	"D102Q"	57	110	717	189	742	94	1062	188	279
"404"	"D102G"	525	312	1092	687	1219	541	1426	691	894
"405"	"D102H"	79	74	661	323	753	202	916	170	595
"406"	"D102I"	76	6	942	213	897	483	1339	101	211
"407"	"D102L"	33	47	718	162	747	197	959	54	80
"408"	"D102K"	66	64	581	256	618	64	762	84	233
"409"	"D102M"	0	0	0	0	0	0	0	0	0
"410"	"D102F"	8	46	464	39	475	33	570	34	68
"411"	"D102P"	269	81	651	227	698	110	802	244	191
"412"	"D102S"	12	33	368	196	384	194	463	133	245
"413"	"D102T"	23	3	445	115	456	102	609	66	110
"414"	"D102W"	71	53	802	108	823	209	921	94	56
"415"	"D102Y"	400	314	1268	439	1422	263	1680	374	457
"416"	"D102V"	72	77	521	82	602	116	679	121	80
"417"	"D102X"	1	0	9	0	11	162	5	0	0
"418"	"D102B"	0	0	0	0	0	0	1	4	0
"419"	"L103A"	93	64	540	522	595	103	665	214	605
"420"	"L103R"	89	92	583	329	778	53	850	263	319
"421"	"L103N"	100	100	851	274	912	271	1175	201	315
"422"	"L103D"	66	212	745	365	903	97	1039	147	294
"423"	"L103C"	0	0	0	0	0	0	0	0	0
"424"	"L103E"	104	127	717	538	713	198	943	274	405
"425"	"L103Q"	342	128	595	379	769	216	686	360	389
"426"	"L103G"	174	20	822	200	1033	42	1145	186	272
"427"	"L103H"	122	82	706	291	757	4	871	223	305
"428"	"L103I"	76	99	721	797	727	238	928	704	755
"429"	"L103L"	4900332	2601810	4138552	4236773	4550915	4424121	5401891	3712089	4605265
"430"	"L103K"	127	59	522	171	655	163	703	116	264
"431"	"L103M"	677	174	511	494	679	258	729	439	595
"432"	"L103F"	103	92	552	468	628	188	647	164	289
"433"	"L103P"	675	340	1219	698	1406	723	1651	557	832
"434"	"L103S"	33	103	549	384	614	122	785	186	312
"435"	"L103T"	252	121	654	1114	721	342	907	553	862
"436"	"L103W"	40	145	620	254	695	42	864	141	221
"437"	"L103Y"	67	145	934	799	1047	71	1405	504	639
"438"	"L103V"	322	170	711	1012	815	104	941	794	879
"439"	"L103X"	0	0	11	0	4	0	9	1	0
"440"	"L103B"	0	0	0	1	0	0	0	0	0
"441"	"K104A"	573	121	556	491	590	86	807	368	396
"442"	"K104R"	1032	544	1440	1392	1686	1518	1952	1292	1841
"443"	"K104N"	366	479	1261	867	1547	517	1675	867	912
"444"	"K104D"	25	45	557	497	658	114	818	387	952
"445"	"K104C"	50	74	700	386	744	296	953	264	311
"446"	"K104E"	531	291	892	827	1084	549	1289	790	1013
"447"	"K104Q"	141	62	733	606	755	229	940	345	560
"448"	"K104G"	64	65	840	398	887	850	1077	347	475
"449"	"K104H"	315	101	925	834	1039	479	1426	729	741
"450"	"K104I"	23	46	764	315	892	145	958	145	144
"451"	"K104L"	126	77	665	342	876	295	911	249	338
"452"	"K104K"	4899082	2601441	4136543	4235517	4548740	4420151	5398872	3710229	4603639
"453"	"K104M"	341	151	1180	413	1285	178	1535	298	414
"454"	"K104F"	144	33	616	147	691	331	734	174	153
"455"	"K104P"	163	76	302	729	341	135	425	264	370
"456"	"K104S"	20	33	439	288	537	112	709	201	218
"457"	"K104T"	486	123	713	820	765	512	892	493	573
"458"	"K104W"	103	36	648	150	733	210	1001	138	154
"459"	"K104Y"	18	130	585	262	697	301	751	113	191
"460"	"K104V"	57	58	614	422	668	169	908	303	273
"461"	"K104X"	0	0	9	0	7	0	3	0	0
"462"	"K104B"	134	97	133	160	144	179	198	120	149
"463"	"L105A"	320	62	811	293	861	851	1169	182	246
"464"	"L105R"	68	32	458	245	471	219	634	108	185
"465"	"L105N"	27	24	413	150	435	145	554	83	198
"466"	"L105D"	3	12	679	175	675	103	791	121	246
"467"	"L105C"	0	0	0	0	0	0	0	0	0
"468"	"L105E"	244	12	523	307	648	7	750	117	247
"469"	"L105Q"	128	82	722	411	779	98	926	357	331
"470"	"L105G"	89	71	760	330	821	81	991	302	252
"471"	"L105H"	340	107	716	427	772	236	963	268	390
"472"	"L105I"	158	102	624	556	635	204	840	325	420
"473"	"L105L"	4900082	2601864	4132981	4236165	4545689	4422170	5394231	3710992	4604990
"474"	"L105K"	150	26	495	185	503	29	564	81	95
"475"	"L105M"	297	387	1252	1849	1499	455	1708	1169	1406
"476"	"L105F"	178	67	435	352	493	140	522	294	362
"477"	"L105P"	1283	841	7828	2885	8503	1960	10900	2404	2910
"478"	"L105S"	76	31	513	181	584	113	712	151	179
"479"	"L105T"	95	113	428	329	444	146	569	259	343
"480"	"L105W"	45	56	398	221	451	222	542	231	264
"481"	"L105Y"	59	57	493	364	507	43	689	308	391
"482"	"L105V"	152	137	582	438	593	134	778	364	362
"483"	"L105X"	0	0	2	0	1	0	0	0	0
"484"	"L105B"	0	0	2	0	2	0	1	0	0
"485"	"V106A"	1559	1176	6788	4433	7088	2662	8750	3479	4471
"486"	"V106R"	1	0	0	1	0	0	0	0	0
"487"	"V106N"	104	46	544	723	584	118	656	518	1371
"488"	"V106D"	289	123	748	463	741	119	899	299	430
"489"	"V106C"	0	0	0	0	0	0	1	0	0
"490"	"V106E"	87	61	580	887	524	122	650	467	912
"491"	"V106Q"	268	143	2341	673	1462	403	2887	492	522
"492"	"V106G"	84	79	605	652	721	816	868	280	390
"493"	"V106H"	24	81	599	470	611	213	772	313	400
"494"	"V106I"	335	233	1081	664	1276	479	1502	549	818
"495"	"V106L"	69	102	672	455	721	365	1001	169	257
"496"	"V106K"	76	80	496	927	622	204	754	528	825
"497"	"V106M"	126	34	581	417	588	38	870	303	501
"498"	"V106F"	507	517	3454	589	2835	713	4222	554	871
"499"	"V106P"	62	32	400	396	398	340	462	173	280
"500"	"V106S"	69	100	502	1226	602	91	688	772	1353
"501"	"V106T"	124	84	565	557	675	39	763	558	827
"502"	"V106W"	334	68	1001	214	1028	133	1248	155	363
"503"	"V106Y"	240	109	749	459	817	58	1182	245	605
"504"	"V106V"	4899436	2601015	4129406	4231656	4544066	4420443	5390651	3708261	4598621
"505"	"V106X"	0	0	3	1	7	0	8	0	0
"506"	"V106B"	0	0	0	0	0	0	0	1	0
"507"	"Q107A"	0	0	0	1	0	0	0	0	1
"508"	"Q107R"	1126	679	2967	1782	3192	1081	3629	1616	1958
"509"	"Q107N"	210	109	791	538	780	234	916	453	770
"510"	"Q107D"	100	84	506	1091	576	356	589	766	838
"511"	"Q107C"	263	117	649	490	759	105	915	270	393
"512"	"Q107E"	165	110	657	651	712	183	837	568	1085
"513"	"Q107Q"	4898692	2600338	4134085	4226035	4547338	4420400	5397204	3705435	4593081
"514"	"Q107G"	106	108	731	543	730	132	883	458	495
"515"	"Q107H"	530	332	1729	1212	1310	602	2167	1092	987
"516"	"Q107I"	72	25	511	243	603	239	692	188	277
"517"	"Q107L"	152	89	568	251	661	198	827	242	307
"518"	"Q107K"	298	255	1021	806	1013	305	1250	661	716
"519"	"Q107M"	13	104	493	294	603	37	729	198	312
"520"	"Q107F"	103	43	635	142	731	166	841	122	236
"521"	"Q107P"	87	134	598	1011	689	140	730	664	1083
"522"	"Q107S"	0	0	0	0	0	0	0	0	0
"523"	"Q107T"	97	47	537	348	477	171	757	255	289
"524"	"Q107W"	32	39	456	102	497	77	576	124	140
"525"	"Q107Y"	129	16	473	296	609	119	682	171	584
"526"	"Q107V"	44	137	702	460	752	68	1011	454	406
"527"	"Q107X"	0	0	4	0	8	0	6	1	0
"528"	"Q107B"	1575	1317	3002	9567	3326	2743	3593	4378	9859
"529"	"G108A"	41	39	445	225	447	98	550	196	213
"530"	"G108R"	84	148	579	457	620	162	892	210	209
"531"	"G108N"	155	91	501	647	505	136	594	489	590
"532"	"G108D"	276	278	1165	1444	1053	421	1581	691	1212
"533"	"G108C"	350	220	1058	573	1049	399	1431	463	573
"534"	"G108E"	315	70	557	585	579	183	748	389	821
"535"	"G108Q"	480	63	945	542	928	631	1407	311	745
"536"	"G108G"	4900991	2602347	4138779	4237743	4552450	4423969	5402436	3712633	4605553
"537"	"G108H"	70	27	611	320	663	166	777	209	403
"538"	"G108I"	18	51	469	184	513	83	598	61	92
"539"	"G108L"	102	28	452	159	502	60	603	116	91
"540"	"G108K"	54	61	475	201	526	73	561	179	327
"541"	"G108M"	54	32	634	221	729	61	848	174	187
"542"	"G108F"	49	28	572	336	595	167	701	144	172
"543"	"G108P"	23	67	463	340	532	146	516	306	374
"544"	"G108S"	224	158	767	764	830	204	992	569	745
"545"	"G108T"	123	171	453	427	605	115	755	308	493
"546"	"G108W"	153	37	583	112	640	5	742	153	160
"547"	"G108Y"	31	30	455	247	448	27	570	141	276
"548"	"G108V"	201	137	1151	336	1150	249	1522	373	581
"549"	"G108X"	0	0	1	0	2	0	10	1	0
"550"	"G108B"	0	0	0	0	0	1	0	0	0
"551"	"F109A"	46	77	578	229	560	159	757	215	456
"552"	"F109R"	94	46	620	289	687	228	738	175	329
"553"	"F109N"	38	117	371	296	448	9	592	317	570
"554"	"F109D"	121	49	629	364	740	343	872	403	345
"555"	"F109C"	63	41	595	222	570	71	725	230	263
"556"	"F109E"	27	85	554	338	515	18	600	221	373
"557"	"F109Q"	61	55	520	434	571	59	694	312	339
"558"	"F109G"	181	68	599	330	628	435	924	225	316
"559"	"F109H"	31	34	389	335	483	63	617	147	230
"560"	"F109I"	55	86	596	240	614	283	820	157	284
"561"	"F109L"	1017	548	1438	1010	1593	860	1918	899	1135
"562"	"F109K"	90	19	405	391	465	55	508	156	283
"563"	"F109M"	203	72	490	412	543	151	722	159	287
"564"	"F109F"	4899795	2602017	4139029	4238518	4552111	4423314	5402351	3712532	4606317
"565"	"F109P"	106	41	524	298	471	156	674	193	224
"566"	"F109S"	1429	397	1789	1130	2039	644	2557	913	1226
"567"	"F109T"	10	12	341	181	425	106	495	124	178
"568"	"F109W"	56	106	466	206	571	32	721	197	144
"569"	"F109Y"	175	109	493	250	521	195	600	243	258
"570"	"F109V"	196	104	686	390	802	175	938	298	251
"571"	"F109X"	0	0	3	0	8	0	11	0	7
"572"	"F109B"	0	0	0	0	1	0	0	0	2
"573"	"M110A"	60	28	310	587	349	81	405	343	630
"574"	"M110R"	62	54	439	420	513	185	684	385	499
"575"	"M110N"	74	104	445	639	526	201	630	496	592
"576"	"M110D"	0	0	0	0	0	0	0	0	0
"577"	"M110C"	0	0	0	0	0	0	0	0	0
"578"	"M110E"	103	65	459	988	444	125	574	717	910
"579"	"M110Q"	47	70	288	643	331	269	299	634	590
"580"	"M110G"	88	76	510	725	486	209	709	658	763
"581"	"M110H"	0	0	0	0	0	0	0	0	0
"582"	"M110I"	705	505	1406	1178	2050	805	1809	1097	1176
"583"	"M110L"	67	70	358	338	429	287	477	372	302
"584"	"M110K"	57	137	388	757	401	140	460	554	1112
"585"	"M110M"	4899674	2602003	4142577	4234566	4555708	4422977	5407227	3709620	4601861
"586"	"M110F"	19	22	67	19	103	0	150	28	16
"587"	"M110P"	33	41	391	316	366	198	479	319	434
"588"	"M110S"	43	188	275	233	318	20	386	303	340
"589"	"M110T"	2137	307	1497	2919	1524	750	1969	1741	3101
"590"	"M110W"	27	18	420	174	441	351	570	122	231
"591"	"M110Y"	0	0	0	0	0	0	0	0	0
"592"	"M110V"	597	395	1284	1361	1371	758	2005	727	1260
"593"	"M110X"	1	0	1	0	6	0	1	0	0
"594"	"M110B"	0	0	0	0	0	0	0	0	0
"595"	"P111A"	85	51	585	400	649	147	752	232	435
"596"	"P111R"	117	125	718	402	710	210	948	232	431
"597"	"P111N"	28	7	470	516	511	3	576	196	258
"598"	"P111D"	114	42	432	412	467	146	561	284	275
"599"	"P111C"	162	76	568	182	447	196	680	200	170
"600"	"P111E"	179	57	431	477	479	98	725	362	497
"601"	"P111Q"	164	49	423	206	500	102	665	287	481
"602"	"P111G"	160	68	899	499	913	172	1351	303	492
"603"	"P111H"	260	197	786	772	796	234	963	420	631
"604"	"P111I"	56	8	357	183	389	66	538	65	121
"605"	"P111L"	376	309	1044	706	1143	652	1520	417	552
"606"	"P111K"	54	101	696	426	665	242	839	232	389
"607"	"P111M"	42	51	426	160	476	182	619	106	286
"608"	"P111F"	77	16	273	175	337	77	412	66	153
"609"	"P111P"	4900228	2602018	4138945	4237580	4552516	4423008	5402198	3712722	4606418
"610"	"P111S"	1225	612	1949	1372	1960	1051	2606	1160	1032
"611"	"P111T"	206	123	571	514	740	200	787	298	369
"612"	"P111W"	109	110	634	502	707	366	884	190	351
"613"	"P111Y"	76	42	321	126	329	26	427	86	184
"614"	"P111V"	75	21	585	252	630	178	779	258	292
"615"	"P111X"	0	0	2	0	2	0	4	0	0
"616"	"P111B"	1	0	0	1	0	0	0	0	0
"617"	"H112A"	1	0	1	0	5	0	8	0	0
"618"	"H112R"	735	365	1476	1309	1718	871	2018	1275	1355
"619"	"H112N"	269	160	1154	685	1050	462	1486	624	624
"620"	"H112D"	502	96	694	612	752	213	950	461	807
"621"	"H112C"	27	11	180	157	206	48	251	96	216
"622"	"H112E"	254	70	681	737	808	258	931	652	862
"623"	"H112Q"	202	191	753	1200	940	314	1027	770	1070
"624"	"H112G"	84	74	493	402	524	75	614	285	296
"625"	"H112H"	4900032	2601976	4139897	4236161	4553111	4422989	5403798	3710641	4603979
"626"	"H112I"	28	88	406	136	466	107	521	106	168
"627"	"H112L"	219	86	535	474	637	285	716	375	406
"628"	"H112K"	95	280	632	907	656	299	793	503	681
"629"	"H112M"	83	45	493	483	552	60	654	412	511
"630"	"H112F"	161	139	915	262	805	247	1201	181	473
"631"	"H112P"	31	64	533	516	562	294	683	242	396
"632"	"H112S"	239	190	351	454	413	84	551	342	400
"633"	"H112T"	160	61	453	522	546	166	668	371	603
"634"	"H112W"	4	0	116	51	119	0	161	26	33
"635"	"H112Y"	370	179	757	467	808	304	1024	547	655
"636"	"H112V"	298	8	591	319	688	280	773	207	281
"637"	"H112X"	0	0	4	0	0	0	1	0	1
"638"	"H112B"	0	0	0	9	0	0	5	0	0
"639"	"F113A"	83	44	513	316	538	58	683	204	356
"640"	"F113R"	50	15	509	352	545	179	810	119	183
"641"	"F113N"	134	73	746	509	697	104	991	332	390
"642"	"F113D"	99	31	532	565	607	235	699	573	743
"643"	"F113C"	38	110	546	295	542	8	644	302	402
"644"	"F113E"	11	28	595	429	606	36	806	479	454
"645"	"F113Q"	20	36	447	461	548	92	584	383	321
"646"	"F113G"	95	74	559	384	629	59	766	166	231
"647"	"F113H"	193	21	459	510	521	121	619	351	786
"648"	"F113I"	139	123	573	352	626	148	801	158	382
"649"	"F113L"	669	390	1291	976	1486	783	1752	698	977
"650"	"F113K"	106	95	718	390	756	149	991	236	406
"651"	"F113M"	11	105	745	330	767	85	1184	343	379
"652"	"F113F"	4900861	2602086	4138674	4237056	4551824	4423889	5402045	3711646	4604627
"653"	"F113P"	259	161	699	789	894	351	1036	526	810
"654"	"F113S"	566	374	1539	878	1632	656	1858	638	993
"655"	"F113T"	55	38	329	227	337	1	356	204	157
"656"	"F113W"	35	85	460	120	505	58	697	133	242
"657"	"F113Y"	214	132	535	523	574	121	712	425	663
"658"	"F113V"	156	62	639	401	728	222	794	199	309
"659"	"F113X"	0	0	5	0	4	1	6	1	0
"660"	"F113B"	0	0	2	0	0	0	0	0	6
"661"	"F114A"	93	120	620	1111	701	137	790	1184	1457
"662"	"F114R"	229	71	531	1231	619	152	723	745	838
"663"	"F114N"	190	77	425	789	544	193	500	732	909
"664"	"F114D"	1062	738	833	2158	908	1584	1097	1682	2311
"665"	"F114C"	253	158	703	1443	807	136	801	1116	1349
"666"	"F114E"	167	119	638	1135	730	374	824	1202	1233
"667"	"F114Q"	162	139	623	1840	695	232	775	1318	1700
"668"	"F114G"	181	153	1006	870	1056	359	1450	574	750
"669"	"F114H"	206	35	374	677	456	1302	444	627	565
"670"	"F114I"	167	231	679	1151	799	102	848	1059	1026
"671"	"F114L"	742	509	1402	1540	1676	1191	1884	1606	1673
"672"	"F114K"	182	103	646	1866	854	339	756	1046	1191
"673"	"F114M"	40	129	692	840	791	386	947	723	1192
"674"	"F114F"	4897446	2599849	4136516	4219477	4548508	4418208	5400281	3695662	4587819
"675"	"F114P"	37	24	542	451	598	101	684	490	334
"676"	"F114S"	918	735	2134	2757	2336	1074	2666	2628	2861
"677"	"F114T"	558	419	857	2650	997	388	962	2573	2949
"678"	"F114W"	128	62	400	562	471	140	575	345	451
"679"	"F114Y"	527	73	466	611	526	159	670	419	689
"680"	"F114V"	506	328	1026	2702	1290	798	1151	2385	2519
"681"	"F114X"	0	0	2	1	3	1	1	0	0
"682"	"F114B"	0	11	0	1	1	0	5	0	1
