	"Variants"	"4640-LH-1_ACAGTG"	"4640-LH-1_ACTTGA"	"4640-LH-1_ATCACG"	"4640-LH-1_CAGATC"	"4640-LH-1_CGATGT"	"4640-LH-1_CTTGTA"	"4640-LH-1_GCCAAT"	"4640-LH-1_TGACCA"	"4640-LH-1_TTAGGC"
"1"	"L275A"	7	0	194	66	210	20	189	38	10
"2"	"L275R"	13	18	305	32	307	106	233	40	16
"3"	"L275N"	17	19	327	46	382	62	251	34	43
"4"	"L275D"	14	11	349	18	380	114	261	35	16
"5"	"L275C"	0	0	0	0	0	0	0	0	0
"6"	"L275E"	0	4	118	5	174	41	116	12	8
"7"	"L275Q"	53	25	315	42	354	77	251	74	39
"8"	"L275G"	21	44	394	40	493	88	342	64	25
"9"	"L275H"	5	16	342	33	335	13	242	51	13
"10"	"L275I"	166	222	315	304	352	59	238	476	387
"11"	"L275L"	3609135	2077468	3049668	2907638	3225492	3562820	2876531	3767235	3301915
"12"	"L275K"	2	17	171	23	212	107	128	2	6
"13"	"L275M"	607	293	566	667	685	665	503	876	810
"14"	"L275F"	19	5	184	60	203	43	142	136	85
"15"	"L275P"	327	194	601	300	641	463	546	400	312
"16"	"L275S"	0	36	273	100	307	20	234	68	34
"17"	"L275T"	28	57	345	39	339	60	235	79	47
"18"	"L275W"	67	20	322	111	326	34	297	120	87
"19"	"L275Y"	76	72	299	47	380	72	301	136	49
"20"	"L275V"	37	51	288	214	374	138	256	315	257
"21"	"L275X"	0	0	0	0	0	0	0	0	0
"22"	"L275B"	0	0	0	0	1	0	0	0	0
"23"	"P276A"	39	54	283	66	347	57	221	59	58
"24"	"P276R"	43	49	296	47	312	44	240	72	66
"25"	"P276N"	26	17	392	38	368	121	325	40	30
"26"	"P276D"	39	41	321	31	363	16	259	40	53
"27"	"P276C"	8	12	251	32	245	182	240	32	10
"28"	"P276E"	586	274	564	201	684	0	413	295	184
"29"	"P276Q"	65	40	316	17	287	40	240	4	43
"30"	"P276G"	14	51	285	16	357	11	247	42	22
"31"	"P276H"	189	150	574	231	684	219	532	237	200
"32"	"P276I"	57	18	264	47	266	66	230	12	17
"33"	"P276L"	287	119	699	198	716	247	564	283	183
"34"	"P276K"	87	33	501	144	570	93	444	94	86
"35"	"P276M"	42	29	243	35	288	36	263	18	29
"36"	"P276F"	3	0	217	13	192	5	133	38	0
"37"	"P276P"	3608444	2077099	3046432	2908086	3223030	3562939	2873980	3768150	3302602
"38"	"P276S"	320	219	659	251	686	348	564	407	276
"39"	"P276T"	158	104	386	159	464	188	358	170	131
"40"	"P276W"	94	127	1911	93	1397	245	1482	118	129
"41"	"P276Y"	50	109	449	51	326	137	307	42	24
"42"	"P276V"	43	27	331	29	365	7	254	38	16
"43"	"P276X"	0	0	2	0	0	0	0	0	0
"44"	"P276B"	0	0	0	0	0	1	0	0	0
"45"	"K277A"	2	10	339	35	356	31	300	79	180
"46"	"K277R"	289	236	895	563	861	284	668	756	536
"47"	"K277N"	159	147	559	197	560	234	480	265	257
"48"	"K277D"	98	5	297	43	292	90	328	51	33
"49"	"K277C"	107	16	325	97	343	55	275	117	158
"50"	"K277E"	590	211	1380	427	1575	432	1340	671	455
"51"	"K277Q"	74	42	386	230	345	57	373	240	437
"52"	"K277G"	28	0	224	14	196	2	163	45	29
"53"	"K277H"	26	36	287	127	359	58	317	108	72
"54"	"K277I"	121	218	283	196	320	282	235	180	189
"55"	"K277L"	166	122	1967	235	1234	291	1605	334	324
"56"	"K277K"	3608519	2077159	3045936	2906787	3222945	3562510	2872978	3766284	3300617
"57"	"K277M"	46	42	266	74	287	64	197	108	102
"58"	"K277F"	68	69	397	175	396	98	389	244	128
"59"	"K277P"	8	37	347	232	362	5	334	155	281
"60"	"K277S"	5	15	190	21	195	44	147	72	62
"61"	"K277T"	45	63	302	97	374	22	256	132	102
"62"	"K277W"	6	38	290	37	242	67	245	40	31
"63"	"K277Y"	14	9	220	72	238	70	245	61	25
"64"	"K277V"	179	58	431	83	429	231	377	189	85
"65"	"K277X"	0	0	0	0	0	0	0	0	0
"66"	"K277B"	44	39	55	43	38	75	44	60	56
"67"	"F278A"	6	12	174	10	184	61	192	14	35
"68"	"F278R"	19	5	320	9	274	5	301	44	8
"69"	"F278N"	3	30	248	32	327	18	217	28	35
"70"	"F278D"	15	57	411	51	452	145	388	54	247
"71"	"F278C"	46	13	535	175	453	210	462	133	131
"72"	"F278E"	5	22	374	26	417	67	304	68	36
"73"	"F278Q"	19	28	237	15	230	81	223	28	22
"74"	"F278G"	89	67	298	26	335	61	275	36	9
"75"	"F278H"	24	16	248	43	271	10	214	20	13
"76"	"F278I"	56	22	311	76	339	72	285	125	90
"77"	"F278L"	590	336	994	955	1146	642	917	1363	1025
"78"	"F278K"	45	37	777	74	632	162	675	45	66
"79"	"F278M"	39	14	270	199	270	21	270	165	183
"80"	"F278F"	3608830	2077491	3048085	2907274	3224444	3562640	2874515	3767162	3301260
"81"	"F278P"	0	7	278	49	232	98	211	12	7
"82"	"F278S"	407	211	637	386	746	401	732	378	355
"83"	"F278T"	106	29	269	26	206	69	228	23	21
"84"	"F278W"	205	56	350	167	372	76	350	267	293
"85"	"F278Y"	45	74	243	101	272	103	272	74	171
"86"	"F278V"	45	44	317	91	344	60	265	152	152
"87"	"F278X"	0	1	0	0	0	0	0	0	0
"88"	"F278B"	0	0	0	0	1	0	0	0	0
"89"	"S279A"	80	54	409	302	428	73	401	384	343
"90"	"S279R"	154	52	295	160	349	48	295	191	153
"91"	"S279N"	71	28	396	278	375	41	387	322	306
"92"	"S279D"	173	55	342	250	373	277	312	284	379
"93"	"S279C"	109	105	420	231	418	220	347	369	240
"94"	"S279E"	32	27	300	367	341	148	322	1177	683
"95"	"S279Q"	147	20	258	300	271	9	200	232	275
"96"	"S279G"	84	15	318	195	288	112	287	232	110
"97"	"S279H"	26	38	228	70	267	82	239	123	130
"98"	"S279I"	271	153	327	294	354	447	328	364	433
"99"	"S279L"	29	39	345	224	351	360	311	359	253
"100"	"S279K"	275	15	328	287	353	102	299	290	192
"101"	"S279M"	14	61	337	152	325	4	244	264	280
"102"	"S279F"	122	95	393	180	374	102	410	168	185
"103"	"S279P"	537	364	752	433	812	573	755	749	437
"104"	"S279S"	3607110	2076912	3048408	2904720	3224596	3561805	2874794	3763502	3298469
"105"	"S279T"	786	157	349	380	333	87	300	446	437
"106"	"S279W"	26	136	384	245	476	220	331	81	156
"107"	"S279Y"	458	146	493	541	535	182	525	224	363
"108"	"S279V"	90	99	293	174	322	110	209	430	335
"109"	"S279X"	0	1	1	2	6	0	0	0	0
"110"	"S279B"	0	0	0	0	0	0	0	0	0
"111"	"L280A"	70	83	363	123	403	139	388	194	90
"112"	"L280R"	71	35	326	64	402	41	324	117	31
"113"	"L280N"	53	185	476	36	426	837	379	92	92
"114"	"L280D"	47	87	301	27	349	309	238	118	60
"115"	"L280C"	0	0	0	0	0	0	0	0	0
"116"	"L280E"	336	140	437	109	490	111	363	253	126
"117"	"L280Q"	181	193	722	393	735	278	732	269	273
"118"	"L280G"	17	29	393	67	436	23	366	115	196
"119"	"L280H"	17	71	433	105	468	90	391	199	127
"120"	"L280I"	779	138	382	583	354	299	294	443	534
"121"	"L280L"	3605971	2076745	3047200	2906116	3223650	3561052	2873984	3765396	3300212
"122"	"L280K"	30	13	323	26	330	11	281	76	28
"123"	"L280M"	348	232	915	703	778	383	824	1152	790
"124"	"L280F"	265	130	345	199	313	275	231	178	215
"125"	"L280P"	518	313	970	387	1093	838	963	515	403
"126"	"L280S"	4	8	551	213	485	25	524	74	153
"127"	"L280T"	1	31	239	65	248	79	225	99	131
"128"	"L280W"	1303	12	279	36	293	9	225	75	92
"129"	"L280Y"	90	54	271	82	264	56	195	145	132
"130"	"L280V"	493	73	450	451	430	147	369	681	474
"131"	"L280X"	0	0	0	0	0	0	0	0	0
"132"	"L280B"	0	0	0	0	0	0	0	0	0
"133"	"E281A"	14	10	221	78	249	56	220	76	123
"134"	"E281R"	18	54	229	27	246	8	176	22	25
"135"	"E281N"	45	20	248	98	280	38	215	48	99
"136"	"E281D"	265	222	734	381	799	273	595	477	457
"137"	"E281C"	33	16	450	160	412	112	360	349	234
"138"	"E281E"	3608813	2077256	3048627	2906385	3224816	3563021	2875305	3765947	3300361
"139"	"E281Q"	14	32	367	152	356	62	332	162	236
"140"	"E281G"	402	242	593	390	678	493	563	505	448
"141"	"E281H"	13	22	280	83	309	19	215	87	55
"142"	"E281I"	188	280	671	311	617	206	603	351	424
"143"	"E281L"	39	13	240	106	255	3	222	116	197
"144"	"E281K"	94	68	365	156	431	106	320	95	134
"145"	"E281M"	9	5	171	104	212	6	190	127	111
"146"	"E281F"	86	32	400	79	431	86	301	48	69
"147"	"E281P"	33	3	213	21	247	21	198	16	29
"148"	"E281S"	0	1	0	0	0	0	1	0	0
"149"	"E281T"	90	62	315	694	328	63	248	1057	592
"150"	"E281W"	88	5	317	126	307	23	320	42	44
"151"	"E281Y"	27	57	363	29	369	87	365	135	123
"152"	"E281V"	96	47	334	265	354	158	336	355	272
"153"	"E281X"	0	0	1	0	1	0	1	0	1
"154"	"E281B"	227	125	237	140	250	161	210	176	125
"155"	"T282A"	386	222	785	592	797	359	668	647	624
"156"	"T282R"	45	15	458	151	361	21	369	123	101
"157"	"T282N"	200	160	494	410	655	362	479	679	393
"158"	"T282D"	159	109	334	139	355	208	293	282	234
"159"	"T282C"	57	360	407	709	361	277	391	219	366
"160"	"T282E"	63	119	366	160	394	61	341	134	152
"161"	"T282Q"	113	35	355	288	444	101	306	404	335
"162"	"T282G"	132	12	313	193	371	20	279	345	381
"163"	"T282H"	128	134	431	133	471	218	354	272	252
"164"	"T282I"	155	97	363	147	413	305	442	262	160
"165"	"T282L"	0	0	4	0	4	0	1	0	0
"166"	"T282K"	107	61	558	228	557	296	525	210	202
"167"	"T282M"	87	33	248	118	265	143	232	334	237
"168"	"T282F"	27	33	214	232	213	76	248	148	186
"169"	"T282P"	6	3	323	61	358	29	313	55	36
"170"	"T282S"	191	105	500	367	532	367	506	372	428
"171"	"T282T"	3608623	2076997	3048134	2905375	3224357	3562070	2874632	3765096	3299590
"172"	"T282W"	41	31	520	253	453	51	381	122	147
"173"	"T282Y"	27	20	293	104	296	17	294	322	207
"174"	"T282V"	47	26	275	125	290	21	241	165	128
"175"	"T282X"	0	0	1	0	0	0	1	0	0
"176"	"T282B"	0	0	0	0	0	0	0	0	0
"177"	"E283A"	69	45	255	380	271	495	298	942	569
"178"	"E283R"	69	82	475	530	487	138	563	644	929
"179"	"E283N"	64	27	353	341	435	189	300	588	523
"180"	"E283D"	169	127	504	368	456	138	403	329	328
"181"	"E283C"	113	118	404	341	419	121	352	416	377
"182"	"E283E"	3606442	2076174	3047280	2902606	3223262	3560188	2873862	3760374	3295059
"183"	"E283Q"	32	27	123	188	126	12	108	121	123
"184"	"E283G"	767	412	911	552	1036	815	841	1035	911
"185"	"E283H"	79	75	390	340	423	303	323	416	353
"186"	"E283I"	92	29	354	353	396	206	351	300	375
"187"	"E283L"	308	194	384	581	337	159	295	641	959
"188"	"E283K"	461	327	982	663	979	311	927	833	712
"189"	"E283M"	12	58	269	234	292	138	242	287	297
"190"	"E283F"	14	104	447	370	524	223	348	515	349
"191"	"E283P"	75	35	319	94	305	152	286	144	137
"192"	"E283S"	493	75	356	215	324	107	319	344	302
"193"	"E283T"	103	143	237	353	325	432	244	574	635
"194"	"E283W"	241	4	167	54	192	8	121	113	82
"195"	"E283Y"	111	75	415	400	459	122	371	538	286
"196"	"E283V"	584	132	457	607	554	303	459	817	661
"197"	"E283X"	296	309	294	215	344	442	283	220	192
"198"	"E283B"	0	0	0	0	1	0	0	0	0
"199"	"V284A"	341	250	952	375	948	456	738	596	374
"200"	"V284R"	0	0	0	0	0	0	0	1	0
"201"	"V284N"	55	8	230	267	265	50	194	314	191
"202"	"V284D"	76	31	311	78	380	115	240	128	86
"203"	"V284C"	0	0	1	0	0	0	0	0	0
"204"	"V284E"	45	15	281	92	309	39	259	32	43
"205"	"V284Q"	20	52	245	124	249	57	244	72	135
"206"	"V284G"	55	53	665	174	591	82	609	36	138
"207"	"V284H"	24	67	264	231	299	22	226	183	203
"208"	"V284I"	189	71	337	541	360	168	258	472	390
"209"	"V284L"	46	18	241	72	288	58	238	131	96
"210"	"V284K"	43	22	256	35	204	100	217	66	34
"211"	"V284M"	6	35	297	90	262	43	274	78	101
"212"	"V284F"	84	76	551	277	615	154	414	242	286
"213"	"V284P"	38	8	254	5	247	6	242	8	32
"214"	"V284S"	58	34	186	125	237	51	200	194	182
"215"	"V284T"	137	37	265	245	278	97	232	330	331
"216"	"V284W"	92	46	381	158	366	210	371	327	262
"217"	"V284Y"	38	22	269	62	301	81	243	83	129
"218"	"V284V"	3609247	2077727	3049390	2906834	3225748	3563213	2876097	3766898	3301146
"219"	"V284X"	0	0	0	0	0	0	0	0	0
"220"	"V284B"	0	0	0	0	0	0	0	0	0
"221"	"D285A"	39	38	401	42	434	45	321	86	93
"222"	"D285R"	37	12	211	18	223	44	176	38	36
"223"	"D285N"	554	178	2874	732	1971	587	2258	967	891
"224"	"D285D"	3608267	2077070	3045091	2906715	3222290	3561915	2872544	3766984	3301122
"225"	"D285C"	7	12	373	128	340	44	339	50	79
"226"	"D285E"	270	182	1031	523	1026	354	992	528	396
"227"	"D285Q"	7	50	269	108	355	68	254	102	64
"228"	"D285G"	244	170	824	235	828	400	687	256	297
"229"	"D285H"	30	22	280	41	331	65	311	79	90
"230"	"D285I"	1	9	183	45	218	4	139	9	14
"231"	"D285L"	70	19	327	105	342	21	255	70	43
"232"	"D285K"	44	24	342	33	368	72	320	37	37
"233"	"D285M"	53	84	312	58	307	42	261	41	37
"234"	"D285F"	45	56	362	83	422	86	355	54	136
"235"	"D285P"	69	41	311	32	233	85	227	40	135
"236"	"D285S"	8	0	136	100	106	26	88	84	31
"237"	"D285T"	48	45	219	17	280	1	221	63	37
"238"	"D285W"	74	111	413	93	439	100	310	114	50
"239"	"D285Y"	651	367	1013	570	1009	754	865	442	477
"240"	"D285V"	76	82	404	107	424	289	372	147	94
"241"	"D285X"	0	0	0	0	0	0	1	0	0
"242"	"D285B"	0	0	0	0	0	0	0	0	0
"243"	"L286A"	6	35	211	19	199	14	208	46	21
"244"	"L286R"	127	69	471	89	580	225	457	84	43
"245"	"L286N"	23	30	164	19	209	0	177	25	8
"246"	"L286D"	52	4	270	19	303	68	239	20	31
"247"	"L286C"	17	23	275	40	307	26	225	17	18
"248"	"L286E"	4	31	345	53	383	88	267	21	32
"249"	"L286Q"	99	0	403	26	335	111	313	74	26
"250"	"L286G"	83	26	246	15	274	85	232	25	24
"251"	"L286H"	120	92	351	92	332	254	282	117	109
"252"	"L286I"	267	147	584	287	563	251	462	259	223
"253"	"L286L"	3608942	2077466	3048933	2908287	3225313	3562896	2875851	3768584	3302779
"254"	"L286K"	22	62	437	53	440	81	395	61	61
"255"	"L286M"	8	11	283	68	261	25	236	114	98
"256"	"L286F"	87	108	247	83	275	78	191	110	118
"257"	"L286P"	443	306	818	517	828	629	733	513	425
"258"	"L286S"	32	16	220	4	215	34	154	4	8
"259"	"L286T"	62	51	176	4	184	0	126	11	11
"260"	"L286W"	18	74	346	26	368	70	249	26	40
"261"	"L286Y"	45	3	324	42	302	35	277	29	27
"262"	"L286V"	137	18	272	42	276	32	222	51	57
"263"	"L286X"	0	0	0	0	0	0	0	0	0
"264"	"L286B"	0	0	0	0	0	0	0	0	0
"265"	"R287A"	165	37	247	81	286	15	213	101	98
"266"	"R287R"	3608727	2077405	3047762	2906668	3223684	3562981	2874453	3766759	3300672
"267"	"R287N"	27	12	169	47	200	1	130	44	39
"268"	"R287D"	30	13	324	34	326	58	246	30	40
"269"	"R287C"	34	11	340	75	368	27	314	71	88
"270"	"R287E"	34	7	176	215	167	41	117	19	72
"271"	"R287Q"	61	37	278	201	290	73	226	156	182
"272"	"R287G"	522	356	1085	423	1227	445	1063	645	534
"273"	"R287H"	112	9	355	140	436	58	299	156	118
"274"	"R287I"	58	35	407	129	428	22	342	201	118
"275"	"R287L"	5	15	349	130	420	158	341	155	192
"276"	"R287K"	84	103	305	230	349	145	300	455	383
"277"	"R287M"	124	124	847	450	862	455	852	377	419
"278"	"R287F"	34	94	445	230	461	76	371	150	128
"279"	"R287P"	2	27	301	65	366	38	293	64	26
"280"	"R287S"	52	63	415	152	401	62	333	211	187
"281"	"R287T"	269	70	331	250	419	54	354	190	388
"282"	"R287W"	85	46	444	105	450	144	363	162	248
"283"	"R287Y"	61	31	406	77	426	57	366	63	84
"284"	"R287V"	108	77	390	83	380	92	319	182	143
"285"	"R287X"	0	0	0	0	1	0	1	0	0
"286"	"R287B"	0	0	0	0	0	0	0	0	0
"287"	"K288A"	36	22	265	215	266	64	176	376	276
"288"	"K288R"	476	301	845	822	829	592	765	1070	882
"289"	"K288N"	517	256	773	600	828	333	689	959	604
"290"	"K288D"	24	18	331	218	416	60	285	165	215
"291"	"K288C"	25	28	281	160	310	95	247	247	163
"292"	"K288E"	491	267	638	647	674	514	593	730	616
"293"	"K288Q"	177	59	306	203	294	127	259	304	265
"294"	"K288G"	82	52	318	280	348	206	285	544	370
"295"	"K288H"	114	105	381	354	407	222	284	355	277
"296"	"K288I"	192	39	329	256	387	59	381	277	260
"297"	"K288L"	100	14	369	385	436	51	328	418	285
"298"	"K288K"	3607811	2076922	3047906	2903671	3224016	3562024	2874467	3762487	3297998
"299"	"K288M"	46	138	376	226	447	64	371	269	231
"300"	"K288F"	60	22	269	146	267	12	252	111	116
"301"	"K288P"	38	71	262	277	295	119	271	274	227
"302"	"K288S"	109	89	307	154	313	69	316	233	173
"303"	"K288T"	53	49	317	425	307	112	286	506	457
"304"	"K288W"	28	6	200	172	280	29	226	192	108
"305"	"K288Y"	51	27	458	300	436	109	422	299	337
"306"	"K288V"	69	31	371	208	316	53	321	300	227
"307"	"K288X"	0	0	0	0	0	0	0	0	0
"308"	"K288B"	95	56	74	66	75	88	72	75	72
"309"	"P289A"	148	94	394	260	466	90	365	358	376
"310"	"P289R"	48	34	426	104	380	96	349	70	76
"311"	"P289N"	9	27	283	48	321	105	255	124	76
"312"	"P289D"	18	25	331	24	324	287	244	72	38
"313"	"P289C"	7	24	291	118	394	32	222	120	113
"314"	"P289E"	24	77	375	238	408	51	322	206	230
"315"	"P289Q"	25	39	335	84	324	67	302	94	92
"316"	"P289G"	179	12	642	144	617	232	540	72	107
"317"	"P289H"	216	109	450	317	543	205	417	315	333
"318"	"P289I"	60	32	371	93	380	99	346	177	188
"319"	"P289L"	194	163	465	242	485	265	442	286	329
"320"	"P289K"	35	7	323	56	397	147	311	50	105
"321"	"P289M"	21	108	414	114	434	13	361	149	231
"322"	"P289F"	134	88	381	90	384	36	287	106	163
"323"	"P289P"	3608407	2077358	3047691	2906899	3223657	3562689	2874556	3766985	3300581
"324"	"P289S"	204	113	375	227	537	203	403	309	301
"325"	"P289T"	756	141	715	310	790	248	585	321	296
"326"	"P289W"	40	25	353	149	355	17	310	111	127
"327"	"P289Y"	45	58	340	171	357	101	341	101	189
"328"	"P289V"	24	38	421	97	394	19	338	165	208
"329"	"P289X"	0	0	0	0	0	0	0	0	0
"330"	"P289B"	0	0	0	0	0	0	0	0	0
"331"	"L290A"	22	75	347	70	294	28	253	29	66
"332"	"L290R"	27	36	410	48	439	90	342	87	38
"333"	"L290N"	94	53	511	95	537	109	379	68	68
"334"	"L290D"	5	36	384	44	364	10	280	48	59
"335"	"L290C"	46	155	563	139	547	26	428	129	88
"336"	"L290E"	10	20	316	14	282	84	239	32	11
"337"	"L290Q"	84	51	365	60	449	126	283	109	78
"338"	"L290G"	137	180	374	63	397	354	297	42	85
"339"	"L290H"	39	21	518	81	445	10	395	57	52
"340"	"L290I"	82	78	640	207	602	185	575	242	152
"341"	"L290L"	3609447	2077380	3047166	2908061	3223543	3562858	2874538	3768159	3302370
"342"	"L290K"	9	12	447	54	496	227	425	36	113
"343"	"L290M"	20	6	255	108	305	44	263	110	87
"344"	"L290F"	54	29	366	132	376	94	322	293	140
"345"	"L290P"	388	284	1014	361	1107	442	868	450	363
"346"	"L290S"	53	34	312	54	418	105	317	80	44
"347"	"L290T"	24	29	371	22	401	40	293	57	53
"348"	"L290W"	35	64	575	77	501	12	402	106	182
"349"	"L290Y"	0	0	0	0	0	0	0	0	0
"350"	"L290V"	18	28	442	95	443	158	396	57	110
"351"	"L290X"	0	1	0	0	1	0	1	0	0
"352"	"L290B"	0	0	0	0	0	0	0	0	0
"353"	"E291A"	96	53	407	343	437	108	306	309	282
"354"	"E291R"	11	76	316	330	371	61	305	98	199
"355"	"E291N"	23	11	445	129	547	73	353	114	118
"356"	"E291D"	101	149	735	251	871	201	749	313	257
"357"	"E291C"	55	67	553	210	644	51	456	280	224
"358"	"E291E"	3608983	2077311	3047397	2905077	3222142	3562150	2874006	3765822	3299940
"359"	"E291Q"	116	46	357	310	485	81	318	398	349
"360"	"E291G"	302	218	602	403	815	483	589	447	388
"361"	"E291H"	22	11	404	220	461	101	350	149	187
"362"	"E291I"	65	42	422	458	497	159	431	263	264
"363"	"E291L"	13	60	445	182	525	129	377	125	122
"364"	"E291K"	89	92	367	237	480	285	324	233	192
"365"	"E291M"	10	76	358	290	450	37	368	384	381
"366"	"E291F"	181	23	440	231	570	80	394	243	216
"367"	"E291P"	53	11	343	62	441	238	321	33	33
"368"	"E291S"	0	0	1	0	0	0	0	0	0
"369"	"E291T"	38	63	394	275	509	116	401	331	414
"370"	"E291W"	61	19	431	213	504	189	345	139	89
"371"	"E291Y"	141	71	428	202	483	157	396	169	212
"372"	"E291V"	135	90	363	212	503	143	330	209	199
"373"	"E291X"	0	0	0	1	0	0	0	0	0
"374"	"E291B"	99	83	168	149	212	160	177	132	93
"375"	"N292A"	61	76	352	256	386	116	336	621	500
"376"	"N292R"	188	63	371	175	396	246	334	322	297
"377"	"N292N"	3607662	2077009	3046508	2904338	3222592	3561735	2873504	3762921	3298222
"378"	"N292D"	377	235	698	541	844	303	647	685	687
"379"	"N292C"	81	34	360	222	390	154	245	228	248
"380"	"N292E"	105	13	340	419	345	89	284	446	377
"381"	"N292Q"	188	93	384	279	456	123	372	490	345
"382"	"N292G"	52	62	291	138	270	93	212	330	221
"383"	"N292H"	868	67	429	214	484	264	471	366	210
"384"	"N292I"	15	25	199	77	236	51	146	98	116
"385"	"N292L"	36	27	416	217	439	57	323	349	141
"386"	"N292K"	87	130	520	739	621	209	452	680	607
"387"	"N292M"	85	62	366	229	419	176	348	283	141
"388"	"N292F"	13	23	278	140	326	94	265	209	173
"389"	"N292P"	18	67	358	51	409	66	338	71	84
"390"	"N292S"	413	224	700	484	776	396	607	788	586
"391"	"N292T"	94	138	1491	660	1141	486	1243	522	592
"392"	"N292W"	58	49	349	108	423	129	338	145	97
"393"	"N292Y"	62	89	474	203	447	54	376	306	233
"394"	"N292V"	131	86	492	295	546	161	454	331	282
"395"	"N292X"	0	0	0	0	1	0	1	0	0
"396"	"N292B"	0	0	0	0	0	0	0	0	0
"397"	"L293A"	55	19	263	42	304	51	166	32	54
"398"	"L293R"	248	214	528	286	669	1060	637	63	269
"399"	"L293N"	19	36	322	51	338	1	271	70	56
"400"	"L293D"	31	17	393	54	417	4	377	32	78
"401"	"L293C"	0	0	0	0	0	0	0	0	0
"402"	"L293E"	97	49	399	127	449	80	349	137	156
"403"	"L293Q"	98	55	572	233	583	103	434	181	147
"404"	"L293G"	294	23	338	46	452	21	315	52	45
"405"	"L293H"	11	19	352	45	344	24	341	86	54
"406"	"L293I"	72	40	258	152	271	45	198	167	107
"407"	"L293L"	3608030	2077288	3046946	2906395	3222989	3561014	2873843	3767424	3301112
"408"	"L293K"	43	2	376	80	322	41	317	42	78
"409"	"L293M"	230	117	580	916	631	373	476	702	678
"410"	"L293F"	76	52	395	138	416	199	316	55	71
"411"	"L293P"	579	349	1398	475	1586	1239	1290	589	439
"412"	"L293S"	306	44	427	58	400	183	409	116	161
"413"	"L293T"	29	43	320	70	243	48	269	42	84
"414"	"L293W"	15	15	318	44	356	31	217	59	85
"415"	"L293Y"	59	53	387	49	377	161	284	74	36
"416"	"L293V"	302	137	803	524	798	324	785	268	449
"417"	"L293X"	0	0	0	0	0	0	0	0	0
"418"	"L293B"	0	0	1	0	2	0	2	0	0
"419"	"G294A"	163	89	479	141	573	41	318	169	161
"420"	"G294R"	235	109	503	217	593	184	495	257	245
"421"	"G294N"	65	62	534	327	630	158	591	448	287
"422"	"G294D"	13	14	234	48	344	193	344	60	92
"423"	"G294C"	11	18	343	55	459	92	409	83	131
"424"	"G294E"	195	223	390	146	427	122	399	176	184
"425"	"G294Q"	97	172	511	136	584	105	507	204	139
"426"	"G294G"	3608669	2077206	3047817	2907422	3222900	3562584	2873431	3767459	3301563
"427"	"G294H"	24	21	378	149	380	193	380	105	110
"428"	"G294I"	23	51	276	73	386	116	323	33	41
"429"	"G294L"	18	17	215	64	330	61	235	79	51
"430"	"G294K"	267	21	263	60	300	19	235	96	73
"431"	"G294M"	42	24	262	66	349	30	354	101	66
"432"	"G294F"	37	25	386	88	581	49	450	82	111
"433"	"G294P"	13	61	295	79	304	42	288	43	14
"434"	"G294S"	28	23	276	82	314	39	207	75	160
"435"	"G294T"	29	115	305	119	427	332	364	141	110
"436"	"G294W"	19	9	338	43	347	74	362	29	75
"437"	"G294Y"	128	56	302	52	324	74	303	52	96
"438"	"G294V"	353	131	830	247	874	247	792	252	253
"439"	"G294X"	165	125	439	171	521	247	509	247	197
"440"	"G294B"	0	0	0	0	0	0	0	0	0
"441"	"M295A"	2	13	308	132	351	43	276	115	116
"442"	"M295R"	6	15	242	22	354	68	275	19	39
"443"	"M295N"	18	110	520	210	540	539	438	86	109
"444"	"M295D"	0	0	0	0	0	1	0	0	0
"445"	"M295C"	0	0	0	0	0	0	0	0	0
"446"	"M295E"	4	23	319	20	375	109	298	55	27
"447"	"M295Q"	15	6	372	109	449	63	357	77	129
"448"	"M295G"	128	32	357	67	473	57	306	50	54
"449"	"M295H"	0	0	0	0	0	0	0	0	0
"450"	"M295I"	680	525	1255	1168	1543	860	1116	1369	1251
"451"	"M295L"	62	22	125	108	123	37	121	72	86
"452"	"M295K"	62	42	265	34	343	36	232	31	36
"453"	"M295M"	3609009	2077231	3049183	2907071	3224721	3562354	2875708	3767206	3301344
"454"	"M295F"	7	74	327	101	391	120	298	247	111
"455"	"M295P"	77	39	270	29	316	69	260	28	10
"456"	"M295S"	29	26	356	62	353	42	232	31	48
"457"	"M295T"	199	102	587	171	673	197	522	208	217
"458"	"M295W"	50	127	398	33	431	10	395	107	28
"459"	"M295Y"	0	0	0	0	0	0	0	0	0
"460"	"M295V"	246	185	491	448	509	397	461	490	554
"461"	"M295X"	0	0	1	0	2	0	1	0	0
"462"	"M295B"	0	0	0	0	0	0	0	0	0
"463"	"T296A"	658	466	1130	731	1449	690	1153	975	913
"464"	"T296R"	138	133	543	498	648	217	435	589	501
"465"	"T296N"	151	139	460	335	579	220	475	479	339
"466"	"T296D"	367	287	530	411	523	284	482	565	497
"467"	"T296C"	9	27	442	210	614	59	409	315	199
"468"	"T296E"	87	32	445	245	447	43	374	433	164
"469"	"T296Q"	142	127	729	518	724	595	609	537	483
"470"	"T296G"	105	67	403	379	479	144	334	585	435
"471"	"T296H"	92	52	369	336	500	111	401	444	395
"472"	"T296I"	243	206	502	591	552	332	468	551	581
"473"	"T296L"	35	48	284	243	312	156	281	239	238
"474"	"T296K"	59	77	483	358	455	112	414	372	364
"475"	"T296M"	289	36	416	355	425	26	400	347	286
"476"	"T296F"	69	7	368	297	482	75	355	250	276
"477"	"T296P"	162	106	513	253	550	128	407	294	246
"478"	"T296S"	209	180	586	537	682	228	508	701	605
"479"	"T296T"	3607391	2076404	3045642	2902416	3220953	3561012	2872473	3761368	3296529
"480"	"T296W"	83	107	614	154	596	28	564	312	227
"481"	"T296Y"	154	15	389	243	395	122	290	195	200
"482"	"T296V"	151	56	527	675	577	420	463	640	681
"483"	"T296X"	0	0	1	0	5	0	1	0	0
"484"	"T296B"	0	0	0	0	0	0	0	0	0
"485"	"D297A"	95	58	390	503	388	122	310	503	502
"486"	"D297R"	49	61	370	291	342	180	326	278	349
"487"	"D297N"	259	262	716	561	783	461	622	898	886
"488"	"D297D"	3608718	2076943	3047145	2904585	3223420	3561443	2874160	3763508	3298017
"489"	"D297C"	43	17	348	113	400	167	285	244	195
"490"	"D297E"	157	185	681	461	743	362	593	558	465
"491"	"D297Q"	49	56	287	162	287	67	260	193	237
"492"	"D297G"	421	231	990	522	1218	462	878	689	555
"493"	"D297H"	105	69	291	171	300	75	233	386	277
"494"	"D297I"	27	21	205	93	217	131	192	35	71
"495"	"D297L"	46	89	343	269	340	56	274	310	342
"496"	"D297K"	47	55	400	300	380	31	393	298	392
"497"	"D297M"	28	18	254	124	245	56	179	162	181
"498"	"D297F"	23	41	290	186	307	27	301	262	195
"499"	"D297P"	27	23	325	74	316	134	285	45	64
"500"	"D297S"	91	49	294	200	285	62	294	314	246
"501"	"D297T"	18	34	322	189	372	47	287	335	287
"502"	"D297W"	35	63	738	204	609	149	553	234	160
"503"	"D297Y"	243	227	692	608	703	799	603	746	538
"504"	"D297V"	113	70	295	169	292	170	268	192	200
"505"	"D297X"	0	0	0	0	0	1	0	1	0
"506"	"D297B"	0	0	0	0	0	0	0	0	0
"507"	"M298A"	6	4	213	76	222	28	154	176	83
"508"	"M298R"	3	33	246	14	247	40	197	23	11
"509"	"M298N"	13	19	283	24	250	42	224	61	12
"510"	"M298D"	0	0	0	0	0	0	0	0	0
"511"	"M298C"	0	0	0	0	0	0	0	0	0
"512"	"M298E"	0	27	283	25	275	370	252	31	50
"513"	"M298Q"	38	27	255	80	330	64	299	62	123
"514"	"M298G"	168	73	478	32	462	10	422	346	216
"515"	"M298H"	0	0	0	0	0	0	0	0	0
"516"	"M298I"	1699	401	1002	615	1113	515	953	791	670
"517"	"M298L"	141	45	413	248	429	88	311	384	427
"518"	"M298K"	24	74	188	38	209	35	153	54	21
"519"	"M298M"	3608028	2077494	3050149	2907703	3226305	3562926	2876585	3767132	3301649
"520"	"M298F"	10	41	252	258	343	203	261	184	155
"521"	"M298P"	56	15	192	45	267	39	185	60	57
"522"	"M298S"	20	7	173	47	201	78	201	44	39
"523"	"M298T"	166	113	531	221	580	257	434	394	234
"524"	"M298W"	21	23	339	106	336	32	285	63	57
"525"	"M298Y"	0	0	0	0	1	0	0	0	0
"526"	"M298V"	201	176	378	252	376	275	379	386	355
"527"	"M298X"	0	0	1	0	1	0	1	0	0
"528"	"M298B"	0	0	0	1	0	0	0	0	0
"529"	"F299A"	30	46	345	51	431	31	285	84	96
"530"	"F299R"	15	12	265	23	276	18	214	34	25
"531"	"F299N"	19	15	449	47	464	50	350	46	74
"532"	"F299D"	37	21	685	75	804	48	623	81	65
"533"	"F299C"	463	25	364	90	418	114	325	56	72
"534"	"F299E"	83	51	620	65	665	135	635	177	75
"535"	"F299Q"	320	21	364	69	360	4	319	43	36
"536"	"F299G"	33	17	427	128	509	53	416	149	59
"537"	"F299H"	111	58	333	24	405	403	319	92	147
"538"	"F299I"	78	51	294	103	338	74	268	54	82
"539"	"F299L"	601	339	1076	618	1248	587	971	616	501
"540"	"F299K"	22	43	637	92	637	29	466	100	34
"541"	"F299M"	54	20	275	82	375	32	281	66	118
"542"	"F299F"	3608067	2077346	3045525	2907300	3221128	3562466	2872440	3767302	3301549
"543"	"F299P"	18	12	216	6	248	55	229	17	19
"544"	"F299S"	411	307	1276	453	1571	489	1179	571	542
"545"	"F299T"	39	27	250	63	301	59	273	46	52
"546"	"F299W"	81	75	1221	313	935	236	1010	437	451
"547"	"F299Y"	101	70	446	150	465	74	415	170	104
"548"	"F299V"	11	16	308	33	368	45	278	50	58
"549"	"F299X"	0	0	0	0	1	0	0	0	0
"550"	"F299B"	0	0	0	0	0	0	0	0	0
"551"	"R300A"	19	39	227	132	261	8	160	182	157
"552"	"R300R"	3608736	2077051	3048965	2904473	3224441	3561031	2875425	3763572	3298249
"553"	"R300N"	52	46	183	425	241	184	149	533	355
"554"	"R300D"	0	0	0	0	0	0	0	0	0
"555"	"R300C"	43	49	364	321	417	121	336	339	310
"556"	"R300E"	154	14	241	128	305	46	241	192	124
"557"	"R300Q"	0	0	1	0	1	0	0	0	0
"558"	"R300G"	597	317	817	695	903	499	727	682	615
"559"	"R300H"	118	96	464	397	516	150	407	749	423
"560"	"R300I"	231	215	709	531	774	449	640	605	535
"561"	"R300L"	6	37	395	518	533	368	436	587	669
"562"	"R300K"	153	63	349	273	400	163	326	392	456
"563"	"R300M"	9	38	228	324	276	125	204	251	358
"564"	"R300F"	8	25	299	54	340	36	278	110	115
"565"	"R300P"	23	2	327	19	355	332	367	182	44
"566"	"R300S"	254	281	581	507	659	1118	528	531	536
"567"	"R300T"	33	49	285	327	428	216	275	552	425
"568"	"R300W"	8	85	275	189	311	43	213	87	123
"569"	"R300Y"	24	75	357	198	401	33	297	288	309
"570"	"R300V"	50	31	251	215	297	6	241	288	291
"571"	"R300X"	76	59	58	59	88	74	46	69	65
"572"	"R300B"	0	0	0	0	0	0	0	0	0
"573"	"Q301A"	0	0	1	0	0	0	0	0	0
"574"	"Q301R"	447	388	868	893	937	937	800	1313	1507
"575"	"Q301N"	141	98	258	105	341	13	252	238	167
"576"	"Q301D"	196	48	462	189	507	298	348	228	200
"577"	"Q301C"	42	9	196	223	329	62	192	140	74
"578"	"Q301E"	46	58	278	247	296	186	233	331	478
"579"	"Q301Q"	3607949	2076864	3048257	2903869	3223938	3561546	2875044	3763272	3297617
"580"	"Q301G"	102	46	337	155	399	39	347	218	139
"581"	"Q301H"	264	276	751	488	857	382	730	677	609
"582"	"Q301I"	93	35	319	379	415	186	282	354	330
"583"	"Q301L"	174	77	467	325	463	100	456	422	437
"584"	"Q301K"	158	126	462	538	593	289	423	503	407
"585"	"Q301M"	365	28	302	329	339	96	204	333	332
"586"	"Q301F"	20	53	270	143	310	21	197	155	124
"587"	"Q301P"	183	106	481	917	470	174	429	849	702
"588"	"Q301S"	0	0	0	0	0	0	0	1	0
"589"	"Q301T"	39	54	432	267	425	78	357	252	267
"590"	"Q301W"	50	41	318	203	353	52	283	174	186
"591"	"Q301Y"	34	103	296	76	331	242	199	151	84
"592"	"Q301V"	67	58	348	274	367	98	254	375	325
"593"	"Q301X"	0	0	0	2	0	1	0	0	0
"594"	"Q301B"	224	104	273	163	277	202	266	205	174
"595"	"F302A"	24	47	296	310	363	161	312	372	324
"596"	"F302R"	18	30	257	131	300	53	232	274	164
"597"	"F302N"	93	98	575	635	535	200	538	559	457
"598"	"F302D"	69	33	294	549	338	64	296	700	599
"599"	"F302C"	63	41	414	317	413	124	446	311	434
"600"	"F302E"	69	44	345	325	333	98	333	533	550
"601"	"F302Q"	56	27	305	352	338	66	312	333	342
"602"	"F302G"	78	120	385	662	377	198	374	851	756
"603"	"F302H"	32	26	233	271	292	82	216	216	252
"604"	"F302I"	146	58	385	281	510	285	401	355	320
"605"	"F302L"	573	336	728	849	874	551	724	1015	926
"606"	"F302K"	119	53	351	396	379	55	299	505	478
"607"	"F302M"	11	39	321	211	318	199	253	336	374
"608"	"F302F"	3608305	2077076	3048237	2902356	3224259	3561398	2874560	3760840	3295986
"609"	"F302P"	50	30	157	98	125	20	128	153	71
"610"	"F302S"	545	285	915	950	853	880	775	1139	922
"611"	"F302T"	72	30	255	185	257	47	169	419	212
"612"	"F302W"	69	47	222	274	264	31	200	392	349
"613"	"F302Y"	94	82	334	466	399	320	336	600	431
"614"	"F302V"	108	70	366	167	420	170	392	288	212
"615"	"F302X"	0	0	0	0	0	0	0	0	0
"616"	"F302B"	0	0	1	0	0	0	0	0	0
"617"	"Q303A"	0	0	0	0	0	0	0	0	0
"618"	"Q303R"	642	428	1225	842	1202	657	1017	1109	1105
"619"	"Q303N"	98	32	348	296	371	121	304	388	271
"620"	"Q303D"	34	116	511	460	467	232	474	506	349
"621"	"Q303C"	184	55	459	238	391	180	365	290	229
"622"	"Q303E"	33	36	349	507	299	110	317	783	665
"623"	"Q303Q"	3607897	2076680	3047109	2902986	3223589	3561115	2874129	3762147	3297064
"624"	"Q303G"	57	13	319	277	332	252	274	276	284
"625"	"Q303H"	292	216	662	615	771	441	622	678	615
"626"	"Q303I"	41	59	435	507	390	88	354	519	448
"627"	"Q303L"	273	114	614	500	594	319	607	370	464
"628"	"Q303K"	183	115	436	440	436	129	288	621	516
"629"	"Q303M"	52	141	461	394	490	300	420	343	366
"630"	"Q303F"	151	47	304	194	387	3	263	231	225
"631"	"Q303P"	262	317	684	172	669	317	574	346	193
"632"	"Q303S"	0	0	0	0	1	0	0	0	0
"633"	"Q303T"	134	32	293	386	323	90	307	434	314
"634"	"Q303W"	78	15	267	212	245	114	232	245	266
"635"	"Q303Y"	20	22	256	113	261	95	223	220	135
"636"	"Q303V"	48	43	332	457	363	295	277	452	431
"637"	"Q303X"	0	0	0	0	0	0	0	0	0
"638"	"Q303B"	115	91	312	189	366	144	249	233	219
"639"	"A304A"	3608752	2077269	3048279	2907372	3224588	3562476	2875058	3766831	3301233
"640"	"A304R"	41	23	414	70	395	8	341	58	77
"641"	"A304N"	33	32	201	53	209	59	158	85	49
"642"	"A304D"	203	100	581	225	717	239	450	273	252
"643"	"A304C"	16	25	201	33	270	21	195	57	51
"644"	"A304E"	25	38	466	57	471	197	391	86	113
"645"	"A304Q"	99	57	364	103	449	49	339	107	163
"646"	"A304G"	102	48	390	215	453	130	366	354	370
"647"	"A304H"	2	13	224	61	235	30	214	91	36
"648"	"A304I"	27	70	256	38	242	33	231	44	36
"649"	"A304L"	0	0	0	0	1	0	0	0	0
"650"	"A304K"	11	1	90	18	87	72	80	15	14
"651"	"A304M"	12	36	345	71	283	41	259	100	61
"652"	"A304F"	51	4	225	50	245	105	242	139	87
"653"	"A304P"	32	47	484	120	490	52	497	109	114
"654"	"A304S"	177	201	454	212	396	204	395	247	277
"655"	"A304T"	575	306	1013	531	1042	605	867	683	569
"656"	"A304W"	77	28	451	160	430	92	380	163	97
"657"	"A304Y"	8	24	166	31	211	47	168	58	77
"658"	"A304V"	351	250	772	365	732	542	664	691	483
"659"	"A304X"	0	0	0	0	1	0	0	0	0
"660"	"A304B"	0	0	0	0	0	0	1	0	0
"661"	"D305A"	106	14	304	126	302	19	279	101	90
"662"	"D305R"	57	8	244	115	276	15	238	95	124
"663"	"D305N"	180	141	484	434	408	189	390	666	607
"664"	"D305D"	3609034	2077317	3048327	2906989	3224940	3563430	2875426	3766863	3300893
"665"	"D305C"	24	42	256	43	299	55	241	131	82
"666"	"D305E"	122	127	478	307	572	344	393	327	383
"667"	"D305Q"	9	28	327	63	288	29	275	224	125
"668"	"D305G"	407	228	779	404	846	252	666	414	380
"669"	"D305H"	19	29	237	88	239	20	140	41	85
"670"	"D305I"	6	5	245	57	244	18	199	67	55
"671"	"D305L"	20	107	281	94	284	103	233	58	81
"672"	"D305K"	44	15	278	151	283	0	195	216	207
"673"	"D305M"	7	24	200	130	234	36	223	204	234
"674"	"D305F"	66	29	767	114	585	123	566	57	145
"675"	"D305P"	48	59	250	34	212	51	193	53	36
"676"	"D305S"	65	42	242	93	245	0	177	66	72
"677"	"D305T"	50	36	447	117	441	2	423	172	118
"678"	"D305W"	0	51	346	79	383	32	334	55	95
"679"	"D305Y"	170	220	630	246	600	225	508	266	246
"680"	"D305V"	160	50	254	101	266	59	197	115	101
"681"	"D305X"	0	0	0	0	0	0	0	0	0
"682"	"D305B"	0	0	0	0	0	0	0	0	0
"683"	"F306A"	19	15	303	44	273	74	257	64	67
"684"	"F306R"	42	23	278	38	315	55	262	23	56
"685"	"F306N"	73	40	314	83	329	58	293	130	117
"686"	"F306D"	29	27	341	59	354	6	296	106	62
"687"	"F306C"	26	33	455	42	500	31	428	58	49
"688"	"F306E"	33	13	363	112	340	152	287	117	102
"689"	"F306Q"	1	37	331	98	363	12	266	99	67
"690"	"F306G"	7	24	339	53	408	47	355	137	89
"691"	"F306H"	11	14	714	333	586	57	669	156	200
"692"	"F306I"	68	67	332	205	309	69	251	105	259
"693"	"F306L"	543	277	799	576	839	577	724	589	601
"694"	"F306K"	38	28	391	85	394	20	315	75	162
"695"	"F306M"	154	18	386	149	385	41	332	155	79
"696"	"F306F"	3608624	2077476	3047394	2907051	3223915	3562701	2874243	3767381	3301319
"697"	"F306P"	21	29	240	50	217	29	214	39	41
"698"	"F306S"	363	255	1084	350	1040	574	1003	494	445
"699"	"F306T"	41	6	212	55	176	0	146	60	32
"700"	"F306W"	18	42	380	100	473	251	397	82	79
"701"	"F306Y"	460	88	340	162	345	203	244	167	113
"702"	"F306V"	23	60	379	139	381	45	311	154	220
"703"	"F306X"	0	0	0	1	2	0	0	0	0
"704"	"F306B"	0	0	1	0	3	0	3	0	0
"705"	"T307A"	476	309	697	393	765	478	614	424	510
"706"	"T307R"	24	11	12	21	23	11	16	14	20
"707"	"T307N"	35	63	246	262	317	96	229	274	395
"708"	"T307D"	1	25	398	97	435	77	349	88	96
"709"	"T307C"	0	31	365	99	353	206	300	101	126
"710"	"T307E"	55	89	285	131	368	138	235	183	223
"711"	"T307Q"	67	31	383	167	398	65	352	163	135
"712"	"T307G"	38	21	506	211	479	17	375	219	245
"713"	"T307H"	22	28	293	221	271	22	219	161	223
"714"	"T307I"	20	66	248	97	226	1	239	70	92
"715"	"T307L"	18	18	173	69	196	34	185	72	79
"716"	"T307K"	152	97	310	246	430	174	292	306	209
"717"	"T307M"	277	172	569	310	543	348	471	356	423
"718"	"T307F"	14	40	215	99	234	30	170	175	92
"719"	"T307P"	18	41	414	96	400	218	392	148	107
"720"	"T307S"	211	65	238	318	267	124	200	337	289
"721"	"T307T"	3609075	2077376	3049144	2906503	3225270	3562502	2875848	3766635	3300538
"722"	"T307W"	42	75	441	180	452	98	422	133	159
"723"	"T307Y"	30	4	215	67	228	268	169	78	30
"724"	"T307V"	19	10	223	198	291	95	219	254	168
"725"	"T307X"	0	0	1	0	1	0	0	0	0
"726"	"T307B"	0	0	0	0	0	0	0	0	0
"727"	"S308A"	83	39	288	332	307	51	239	265	265
"728"	"S308R"	289	128	498	539	561	732	494	797	628
"729"	"S308N"	243	167	511	436	499	480	513	524	515
"730"	"S308D"	49	65	298	68	298	37	260	109	87
"731"	"S308C"	162	339	551	495	648	190	620	695	428
"732"	"S308E"	29	32	263	139	282	311	239	220	328
"733"	"S308Q"	0	26	112	56	100	0	142	131	123
"734"	"S308G"	480	524	893	1068	797	866	778	1216	1293
"735"	"S308H"	58	40	312	228	338	171	362	352	292
"736"	"S308I"	202	189	570	447	730	303	602	420	416
"737"	"S308L"	955	52	416	276	461	32	364	322	488
"738"	"S308K"	36	33	226	224	257	248	211	305	270
"739"	"S308M"	197	109	693	418	617	152	607	512	459
"740"	"S308F"	40	151	382	139	355	145	327	216	139
"741"	"S308P"	239	85	374	684	375	155	360	668	773
"742"	"S308S"	3607238	2076303	3047518	2903552	3223872	3560728	2873846	3762609	3296768
"743"	"S308T"	164	100	532	251	494	81	454	385	377
"744"	"S308W"	59	77	365	113	405	117	424	147	154
"745"	"S308Y"	62	56	224	138	233	164	183	127	107
"746"	"S308V"	9	57	349	182	318	39	271	167	249
"747"	"S308X"	0	0	1	0	0	0	0	4	0
"748"	"S308B"	0	0	0	0	0	0	0	0	0
"749"	"L309A"	34	33	335	134	318	188	342	97	183
"750"	"L309R"	54	42	521	77	515	98	486	113	81
"751"	"L309N"	34	31	370	45	432	143	274	192	70
"752"	"L309D"	48	18	311	99	340	81	313	61	101
"753"	"L309C"	162	45	459	134	482	100	375	101	52
"754"	"L309E"	25	51	301	57	291	54	287	64	106
"755"	"L309Q"	45	20	289	63	362	87	355	61	93
"756"	"L309G"	6	57	436	170	455	101	393	77	84
"757"	"L309H"	67	100	306	98	396	61	391	134	88
"758"	"L309I"	150	113	618	444	801	461	563	603	580
"759"	"L309L"	3608644	2077344	3047426	2906143	3223183	3562538	2874050	3766391	3300371
"760"	"L309K"	36	69	443	93	423	38	317	165	120
"761"	"L309M"	329	94	452	669	459	210	381	523	704
"762"	"L309F"	89	83	405	259	500	112	345	184	215
"763"	"L309P"	469	281	661	431	740	524	644	518	502
"764"	"L309S"	20	8	311	75	317	58	270	60	63
"765"	"L309T"	17	54	410	128	444	12	337	232	163
"766"	"L309W"	52	24	353	139	396	58	341	149	145
"767"	"L309Y"	224	33	388	183	442	68	361	162	154
"768"	"L309V"	89	72	581	344	650	10	471	304	284
"769"	"L309X"	0	0	0	0	1	0	0	0	0
"770"	"L309B"	0	0	0	0	0	0	0	0	0
