	"Variants"	"4640-LH-1_ACAGTG"	"4640-LH-1_ACTTGA"	"4640-LH-1_ATCACG"	"4640-LH-1_CAGATC"	"4640-LH-1_CGATGT"	"4640-LH-1_CTTGTA"	"4640-LH-1_GCCAAT"	"4640-LH-1_TGACCA"	"4640-LH-1_TTAGGC"
"1"	"K243A"	18	2	377	221	388	10	244	173	183
"2"	"K243R"	322	228	1014	843	1042	376	618	948	888
"3"	"K243N"	141	60	594	296	731	174	426	357	354
"4"	"K243D"	100	26	567	195	571	15	376	143	184
"5"	"K243C"	64	37	736	295	675	85	435	286	272
"6"	"K243E"	417	241	987	551	1111	414	687	704	624
"7"	"K243Q"	36	27	559	332	609	67	385	310	252
"8"	"K243G"	121	16	583	169	566	94	387	162	122
"9"	"K243H"	103	117	578	187	519	306	373	318	236
"10"	"K243I"	289	92	551	235	578	190	436	332	311
"11"	"K243L"	77	150	886	997	777	250	511	417	443
"12"	"K243K"	4000839	2262020	4357200	2948683	4518482	3671571	2636423	3943521	3423225
"13"	"K243M"	73	36	563	151	530	100	374	255	315
"14"	"K243F"	72	112	864	244	833	47	577	431	298
"15"	"K243P"	87	41	667	361	654	81	430	570	399
"16"	"K243S"	92	47	376	297	417	18	253	319	253
"17"	"K243T"	67	190	767	567	789	889	580	592	347
"18"	"K243W"	95	58	631	338	635	83	331	432	459
"19"	"K243Y"	733	282	507	200	434	671	297	392	341
"20"	"K243V"	119	47	563	176	585	299	406	352	247
"21"	"K243X"	30	26	33	20	41	34	24	27	22
"22"	"K243B"	0	0	1	0	1	0	0	0	0
"23"	"E244A"	51	51	389	245	426	240	238	466	382
"24"	"E244R"	13	30	464	274	435	57	292	302	342
"25"	"E244N"	60	87	481	344	558	153	298	580	604
"26"	"E244D"	298	220	993	808	1026	238	617	1122	881
"27"	"E244C"	40	8	495	146	508	26	328	388	174
"28"	"E244E"	4000823	2261728	4358115	2948526	4518956	3671302	2637498	3941633	3421815
"29"	"E244Q"	208	129	810	358	807	760	513	488	453
"30"	"E244G"	616	351	1334	810	1424	628	797	1308	1113
"31"	"E244H"	123	42	470	393	486	234	236	668	551
"32"	"E244I"	145	58	444	205	445	60	287	336	193
"33"	"E244L"	31	25	536	281	505	93	276	269	190
"34"	"E244K"	185	98	649	420	690	240	377	479	434
"35"	"E244M"	16	109	476	200	497	66	261	259	225
"36"	"E244F"	125	50	587	361	649	76	345	449	337
"37"	"E244P"	93	46	572	156	592	126	406	214	154
"38"	"E244S"	0	0	0	0	1	0	0	0	0
"39"	"E244T"	133	157	695	605	664	200	449	443	422
"40"	"E244W"	106	72	319	163	386	50	204	320	252
"41"	"E244Y"	113	63	541	200	589	0	345	385	278
"42"	"E244V"	178	153	776	361	866	207	484	462	437
"43"	"E244X"	1	0	0	0	1	0	0	0	0
"44"	"E244B"	537	378	458	502	457	1018	322	470	538
"45"	"V245A"	537	275	1095	499	1059	595	613	839	654
"46"	"V245R"	0	0	0	0	1	0	0	2	0
"47"	"V245N"	14	58	435	113	463	2	217	86	142
"48"	"V245D"	22	84	407	148	429	94	291	194	190
"49"	"V245C"	0	0	0	0	0	0	0	0	0
"50"	"V245E"	120	45	329	143	336	63	198	185	189
"51"	"V245Q"	32	3	229	127	278	110	129	276	178
"52"	"V245G"	26	29	307	293	377	53	177	185	276
"53"	"V245H"	73	58	343	66	364	20	201	131	121
"54"	"V245I"	64	6	208	87	276	14	144	151	193
"55"	"V245L"	200	184	616	391	719	399	371	578	425
"56"	"V245K"	42	30	294	86	287	0	174	68	75
"57"	"V245M"	303	86	1057	247	1014	79	640	345	438
"58"	"V245F"	46	28	378	152	416	103	234	237	102
"59"	"V245P"	8	25	316	97	361	83	220	112	95
"60"	"V245S"	85	16	330	112	408	67	167	156	178
"61"	"V245T"	623	63	714	579	721	872	458	532	549
"62"	"V245W"	11	16	277	212	346	22	192	273	215
"63"	"V245Y"	47	20	352	88	317	28	177	273	176
"64"	"V245V"	4001642	2262829	4361917	2951918	4522794	3673170	2639968	3946418	3425579
"65"	"V245X"	0	0	0	0	2	0	1	0	0
"66"	"V245B"	0	0	0	0	0	0	1	0	0
"67"	"P246A"	47	42	478	141	476	52	248	234	245
"68"	"P246R"	229	44	601	200	649	161	399	347	180
"69"	"P246N"	350	79	496	312	499	46	343	391	272
"70"	"P246D"	16	48	494	280	519	93	358	508	330
"71"	"P246C"	3	12	406	148	543	98	303	197	150
"72"	"P246E"	128	46	564	249	525	73	269	426	409
"73"	"P246Q"	2	8	230	173	244	23	156	151	98
"74"	"P246G"	428	96	725	402	691	122	446	496	518
"75"	"P246H"	311	284	914	547	1007	354	556	650	572
"76"	"P246I"	29	37	346	54	356	75	208	23	26
"77"	"P246L"	184	128	1057	219	902	116	530	258	214
"78"	"P246K"	51	24	501	180	604	206	269	324	213
"79"	"P246M"	46	132	673	127	714	56	482	333	191
"80"	"P246F"	35	1	391	73	393	18	215	47	55
"81"	"P246P"	4001193	2262324	4355537	2951138	4517906	3673476	2636343	3945129	3425228
"82"	"P246S"	348	196	944	458	891	260	589	521	425
"83"	"P246T"	304	168	866	327	922	198	489	555	354
"84"	"P246W"	6	9	424	21	390	3	244	43	29
"85"	"P246Y"	16	35	400	75	418	33	217	60	55
"86"	"P246V"	169	142	3555	234	2315	311	1908	348	211
"87"	"P246X"	0	0	2	0	2	0	1	0	0
"88"	"P246B"	0	0	0	0	2	0	0	0	0
"89"	"L247A"	36	17	550	185	485	86	391	258	296
"90"	"L247R"	38	159	464	61	466	14	280	90	26
"91"	"L247N"	44	5	345	62	354	56	164	46	37
"92"	"L247D"	25	23	406	56	444	1	246	40	27
"93"	"L247C"	6	40	551	107	537	93	352	89	77
"94"	"L247E"	80	16	485	90	522	70	275	44	47
"95"	"L247Q"	28	60	430	18	407	9	223	57	49
"96"	"L247G"	47	31	418	88	455	79	280	56	8
"97"	"L247H"	83	38	366	76	356	41	185	97	168
"98"	"L247I"	310	116	594	341	699	285	366	510	412
"99"	"L247L"	4002208	2262838	4359685	2952691	4520856	3673756	2638682	3948255	3427105
"100"	"L247K"	56	14	598	62	606	23	347	82	53
"101"	"L247M"	20	10	580	207	605	238	373	131	156
"102"	"L247F"	224	74	737	326	576	212	403	219	276
"103"	"L247P"	442	300	911	506	1046	497	588	604	598
"104"	"L247S"	0	48	450	62	450	1	244	62	44
"105"	"L247T"	25	7	352	72	427	58	245	118	93
"106"	"L247W"	96	14	509	99	571	33	292	49	37
"107"	"L247Y"	36	20	715	58	591	30	391	27	40
"108"	"L247V"	91	25	458	191	514	192	246	207	226
"109"	"L247X"	0	0	0	0	1	0	0	0	0
"110"	"L247B"	0	0	0	0	0	0	0	0	0
"111"	"S248A"	40	43	534	430	552	97	314	418	377
"112"	"S248R"	0	13	346	217	342	8	197	428	266
"113"	"S248N"	132	81	574	402	560	64	411	339	443
"114"	"S248D"	176	127	861	308	860	371	522	577	424
"115"	"S248C"	108	51	450	117	475	62	254	289	237
"116"	"S248E"	103	76	647	475	666	63	388	548	395
"117"	"S248Q"	141	7	356	182	356	66	207	240	316
"118"	"S248G"	91	49	634	261	575	40	355	305	382
"119"	"S248H"	74	12	372	159	432	273	267	363	215
"120"	"S248I"	127	42	374	216	396	26	247	187	104
"121"	"S248L"	0	0	2	0	0	0	1	0	0
"122"	"S248K"	94	16	498	196	506	19	261	393	328
"123"	"S248M"	87	32	841	282	730	45	457	224	258
"124"	"S248F"	287	108	595	410	552	173	328	287	309
"125"	"S248P"	295	179	633	227	650	337	432	363	314
"126"	"S248S"	4001483	2262723	4359777	2950534	4521119	3673475	2638599	3944915	3424401
"127"	"S248T"	100	70	418	204	455	168	245	302	342
"128"	"S248W"	0	21	331	152	307	23	182	154	155
"129"	"S248Y"	428	148	706	359	892	197	507	435	325
"130"	"S248V"	129	57	653	227	540	267	395	274	184
"131"	"S248X"	0	0	0	0	0	0	0	0	0
"132"	"S248B"	0	0	2	0	3	0	4	0	0
"133"	"A249A"	3997655	2261542	4358798	2949005	4519802	3671363	2638151	3942656	3422627
"134"	"A249R"	139	111	456	296	519	97	275	138	257
"135"	"A249N"	79	191	281	202	405	149	187	315	297
"136"	"A249D"	422	158	627	456	702	407	425	648	507
"137"	"A249C"	76	50	356	219	417	115	250	396	331
"138"	"A249E"	138	128	559	282	658	184	312	615	417
"139"	"A249Q"	84	92	567	247	563	83	364	375	240
"140"	"A249G"	655	75	629	436	687	111	371	487	574
"141"	"A249H"	24	54	440	221	432	91	249	278	359
"142"	"A249I"	76	26	356	194	304	62	203	234	127
"143"	"A249L"	4	49	411	211	374	91	225	347	270
"144"	"A249K"	435	28	376	337	397	190	228	562	381
"145"	"A249M"	29	35	320	50	257	66	133	205	83
"146"	"A249F"	72	4	410	301	356	28	221	243	332
"147"	"A249P"	147	50	609	341	561	172	384	312	288
"148"	"A249S"	499	266	1058	799	1104	734	623	885	707
"149"	"A249T"	722	353	1275	834	1467	824	744	1129	929
"150"	"A249W"	265	5	445	159	469	131	286	147	107
"151"	"A249Y"	0	61	407	201	420	18	276	188	235
"152"	"A249V"	2374	577	1224	567	1070	858	665	881	707
"153"	"A249X"	0	0	0	0	3	0	1	0	0
"154"	"A249B"	0	0	0	0	1	0	0	0	0
"155"	"L250A"	41	36	594	185	549	89	325	74	78
"156"	"L250R"	47	77	1303	46	1133	263	710	69	40
"157"	"L250N"	89	27	494	48	463	111	290	52	53
"158"	"L250D"	143	81	655	113	654	62	372	75	18
"159"	"L250C"	14	85	587	153	571	59	366	120	91
"160"	"L250E"	112	159	511	42	542	209	332	53	37
"161"	"L250Q"	109	32	385	57	491	66	224	33	34
"162"	"L250G"	149	13	478	79	498	106	306	105	22
"163"	"L250H"	166	64	400	87	411	166	293	108	119
"164"	"L250I"	400	285	1243	649	1079	446	580	855	660
"165"	"L250L"	4001290	2262170	4357171	2952218	4518385	3672527	2637151	3947755	3426887
"166"	"L250K"	85	27	489	108	550	73	348	56	43
"167"	"L250M"	22	32	529	312	537	50	262	188	209
"168"	"L250F"	361	132	922	342	1047	383	677	324	313
"169"	"L250P"	530	288	1117	383	1175	516	692	456	378
"170"	"L250S"	10	14	391	36	444	1	243	29	72
"171"	"L250T"	0	30	450	16	500	44	272	43	74
"172"	"L250W"	144	57	809	56	861	95	510	58	44
"173"	"L250Y"	22	17	452	89	504	1	290	44	72
"174"	"L250V"	161	229	624	339	572	507	329	544	531
"175"	"L250X"	0	0	0	0	1	0	1	0	0
"176"	"L250B"	0	0	0	0	1	0	0	0	0
"177"	"T251A"	461	262	1329	421	1438	382	769	671	471
"178"	"T251R"	2	37	350	110	400	9	213	162	117
"179"	"T251N"	212	62	471	210	559	168	285	299	249
"180"	"T251D"	27	23	358	87	494	322	250	90	41
"181"	"T251C"	0	55	546	171	498	54	333	229	146
"182"	"T251E"	29	80	689	136	676	101	418	274	213
"183"	"T251Q"	92	31	426	105	453	8	277	173	124
"184"	"T251G"	35	32	602	118	540	89	355	185	137
"185"	"T251H"	91	151	436	363	429	35	312	176	110
"186"	"T251I"	289	183	480	303	465	179	272	460	406
"187"	"T251L"	22	72	521	281	505	192	280	344	244
"188"	"T251K"	31	19	342	87	369	120	195	130	53
"189"	"T251M"	28	41	285	102	365	31	181	111	47
"190"	"T251F"	120	89	368	114	415	247	240	112	129
"191"	"T251P"	52	46	570	81	575	68	318	135	78
"192"	"T251S"	215	58	616	161	563	127	406	293	188
"193"	"T251T"	4001680	2262307	4359904	2951682	4520890	3673310	2638669	3945918	3426145
"194"	"T251W"	234	130	516	265	526	55	321	291	235
"195"	"T251Y"	232	133	316	234	357	275	174	409	253
"196"	"T251V"	43	43	478	327	447	2	300	579	389
"197"	"T251X"	0	1	1	0	4	0	5	0	0
"198"	"T251B"	0	0	0	0	0	0	0	0	0
"199"	"N252A"	134	129	394	168	416	221	239	309	299
"200"	"N252R"	28	44	423	226	459	1	245	358	249
"201"	"N252N"	4000036	2261799	4357100	2948436	4517926	3671847	2637133	3942043	3421973
"202"	"N252D"	1238	529	2530	1328	2721	1144	1513	2046	1638
"203"	"N252C"	88	42	416	132	459	40	234	190	113
"204"	"N252E"	228	96	755	985	746	344	408	1167	1180
"205"	"N252Q"	64	24	428	216	432	12	260	399	346
"206"	"N252G"	117	79	544	602	600	187	368	632	555
"207"	"N252H"	56	101	348	172	394	68	212	212	234
"208"	"N252I"	212	97	531	106	559	101	293	332	149
"209"	"N252L"	36	9	522	65	483	76	317	77	77
"210"	"N252K"	352	189	812	570	877	421	470	581	601
"211"	"N252M"	85	71	406	154	391	41	245	98	137
"212"	"N252F"	89	23	385	52	405	111	217	73	60
"213"	"N252P"	158	102	558	311	616	191	398	272	374
"214"	"N252S"	544	304	1366	1161	1372	485	798	1244	1150
"215"	"N252T"	60	22	491	237	503	224	281	356	284
"216"	"N252W"	74	28	590	72	547	18	299	128	59
"217"	"N252Y"	193	66	415	215	449	85	252	220	122
"218"	"N252V"	103	101	589	150	611	151	387	304	175
"219"	"N252X"	0	0	0	0	0	0	1	0	0
"220"	"N252B"	0	0	1	0	2	6	3	0	0
"221"	"I253A"	40	11	273	184	299	29	173	170	146
"222"	"I253R"	0	26	262	87	309	24	195	139	97
"223"	"I253N"	70	26	315	193	354	125	198	234	212
"224"	"I253D"	8	27	314	54	351	10	194	122	144
"225"	"I253C"	31	14	336	138	353	12	208	191	155
"226"	"I253E"	19	25	481	156	452	204	301	249	187
"227"	"I253Q"	156	64	388	274	365	10	237	203	263
"228"	"I253G"	788	45	339	47	359	61	207	94	71
"229"	"I253H"	111	41	379	243	386	106	215	236	223
"230"	"I253I"	4001655	2262799	4362471	2952061	4523586	3674243	2640233	3946737	3425714
"231"	"I253L"	32	37	324	92	351	83	211	139	214
"232"	"I253K"	59	46	378	200	316	16	179	196	183
"233"	"I253M"	10	13	370	199	308	49	213	190	161
"234"	"I253F"	71	72	342	158	373	80	210	239	189
"235"	"I253P"	38	53	305	15	265	27	165	43	27
"236"	"I253S"	58	55	231	166	288	23	189	141	119
"237"	"I253T"	406	196	616	362	629	306	384	575	468
"238"	"I253W"	0	58	319	106	348	29	160	136	157
"239"	"I253Y"	82	86	407	109	474	15	196	237	188
"240"	"I253V"	261	161	752	514	802	322	505	770	857
"241"	"I253X"	0	0	2	0	0	0	0	0	0
"242"	"I253B"	0	0	0	0	0	0	0	0	0
"243"	"L254A"	49	22	232	89	276	61	131	98	65
"244"	"L254R"	45	9	406	48	481	164	281	57	30
"245"	"L254N"	41	18	457	50	513	22	369	67	24
"246"	"L254D"	35	33	323	33	337	12	167	28	21
"247"	"L254C"	0	0	0	0	0	0	0	0	0
"248"	"L254E"	15	1	280	70	294	25	166	19	19
"249"	"L254Q"	87	47	424	114	493	152	303	162	79
"250"	"L254G"	70	26	435	26	388	27	236	30	64
"251"	"L254H"	47	17	433	36	492	47	294	91	50
"252"	"L254I"	240	74	637	542	687	148	424	781	489
"253"	"L254L"	4001981	2262882	4361644	2952751	4522331	3673571	2639569	3947396	3427328
"254"	"L254K"	101	45	359	57	399	46	223	53	24
"255"	"L254M"	247	120	664	392	749	305	405	688	456
"256"	"L254F"	24	32	279	118	312	33	180	115	97
"257"	"L254P"	713	327	1241	434	1390	542	683	710	447
"258"	"L254S"	92	64	514	113	518	163	308	84	92
"259"	"L254T"	8	51	329	127	336	6	185	139	115
"260"	"L254W"	3	13	183	46	214	37	124	112	44
"261"	"L254Y"	26	15	465	33	434	63	289	78	79
"262"	"L254V"	71	59	298	279	324	350	236	333	252
"263"	"L254X"	0	0	1	0	0	0	0	0	0
"264"	"L254B"	0	0	0	0	0	0	0	0	0
"265"	"S255A"	106	12	526	62	504	58	287	62	59
"266"	"S255R"	86	93	607	93	540	104	313	184	157
"267"	"S255N"	162	115	557	224	538	125	313	408	261
"268"	"S255D"	133	71	419	203	508	210	258	267	285
"269"	"S255C"	110	127	634	175	687	75	393	248	218
"270"	"S255E"	46	28	422	277	431	16	270	160	123
"271"	"S255Q"	0	0	0	0	2	0	5	0	0
"272"	"S255G"	374	236	1034	441	1095	514	569	527	442
"273"	"S255H"	8	21	365	56	369	78	185	84	128
"274"	"S255I"	231	119	864	209	833	317	478	196	163
"275"	"S255L"	24	17	376	17	449	121	240	62	13
"276"	"S255K"	13	43	299	70	380	44	177	112	39
"277"	"S255M"	5	60	409	27	371	94	241	31	39
"278"	"S255F"	13	35	472	4	397	50	239	55	49
"279"	"S255P"	112	22	418	9	409	26	243	37	9
"280"	"S255S"	4002237	2262769	4360383	2953120	4521643	3673772	2639149	3947950	3427254
"281"	"S255T"	144	38	442	279	432	109	254	483	376
"282"	"S255W"	47	8	592	3	528	42	368	43	48
"283"	"S255Y"	18	40	301	51	327	17	270	90	43
"284"	"S255V"	26	1	484	38	525	2	321	42	69
"285"	"S255X"	0	0	0	0	0	0	0	0	0
"286"	"S255B"	0	0	0	0	0	0	0	0	0
"287"	"A256A"	4000285	2261034	4359342	2950077	4520201	3670733	2638288	3944487	3423510
"288"	"A256R"	213	265	478	126	560	477	373	217	212
"289"	"A256N"	89	125	569	476	541	182	335	453	371
"290"	"A256D"	276	155	813	416	854	214	457	486	427
"291"	"A256C"	96	203	401	181	393	176	237	243	242
"292"	"A256E"	20	68	534	183	559	62	304	232	290
"293"	"A256Q"	101	211	670	226	693	126	453	270	214
"294"	"A256G"	99	112	596	210	602	167	386	314	243
"295"	"A256H"	54	25	312	251	287	60	180	161	277
"296"	"A256I"	165	100	301	116	331	150	209	150	176
"297"	"A256L"	151	141	355	174	396	296	234	160	252
"298"	"A256K"	104	81	557	131	567	635	329	130	111
"299"	"A256M"	589	142	257	67	326	167	150	226	163
"300"	"A256F"	66	138	412	187	442	84	277	260	216
"301"	"A256P"	89	138	384	459	457	147	208	750	833
"302"	"A256S"	360	285	1064	573	1012	572	569	601	570
"303"	"A256T"	446	202	958	444	953	321	606	686	531
"304"	"A256W"	65	56	452	280	492	182	244	250	277
"305"	"A256Y"	91	91	321	132	392	33	224	277	296
"306"	"A256V"	536	283	828	649	909	990	508	688	564
"307"	"A256X"	0	0	0	0	1	0	1	0	0
"308"	"A256B"	0	0	0	0	0	0	1	0	0
"309"	"Q257A"	0	0	0	0	1	0	0	1	0
"310"	"Q257R"	724	345	1496	959	1536	556	867	1395	1194
"311"	"Q257N"	275	81	532	444	531	399	289	696	795
"312"	"Q257D"	86	122	482	914	539	174	293	1105	1221
"313"	"Q257C"	42	67	561	110	580	29	288	187	135
"314"	"Q257E"	91	91	561	451	576	170	357	303	263
"315"	"Q257Q"	3999902	2261251	4356724	2948687	4518028	3671432	2637211	3942361	3421991
"316"	"Q257G"	121	46	463	454	520	146	250	627	642
"317"	"Q257H"	519	320	1319	638	1329	542	758	777	633
"318"	"Q257I"	33	31	552	93	618	49	290	188	80
"319"	"Q257L"	103	76	650	146	700	166	397	150	127
"320"	"Q257K"	317	165	1264	478	881	325	542	702	517
"321"	"Q257M"	40	18	557	125	539	26	354	207	265
"322"	"Q257F"	20	26	185	16	184	77	106	53	18
"323"	"Q257P"	53	55	772	450	873	225	448	480	360
"324"	"Q257S"	0	0	0	0	0	0	0	1	0
"325"	"Q257T"	63	27	576	310	660	77	367	540	345
"326"	"Q257W"	76	134	1060	167	1000	110	686	166	181
"327"	"Q257Y"	39	35	418	78	474	31	252	218	121
"328"	"Q257V"	93	52	690	119	659	14	377	198	177
"329"	"Q257X"	0	0	1	0	3	0	0	0	0
"330"	"Q257B"	1298	913	741	719	737	1226	441	686	710
"331"	"L258A"	23	19	326	140	433	223	213	254	101
"332"	"L258R"	134	49	567	123	550	106	359	160	157
"333"	"L258N"	78	41	311	65	337	32	201	82	102
"334"	"L258D"	15	41	535	162	566	117	343	218	172
"335"	"L258C"	32	13	589	123	526	80	313	167	128
"336"	"L258E"	36	62	555	150	678	14	392	256	184
"337"	"L258Q"	32	52	384	905	488	324	284	628	871
"338"	"L258G"	43	0	453	112	446	100	277	78	122
"339"	"L258H"	212	54	406	148	387	117	249	171	182
"340"	"L258I"	255	304	970	566	1075	164	676	600	500
"341"	"L258L"	4001464	2262546	4359883	2950979	4520537	3673315	2638516	3946298	3425423
"342"	"L258K"	34	16	442	103	485	26	267	77	98
"343"	"L258M"	116	47	490	214	488	36	269	290	364
"344"	"L258F"	516	83	587	149	540	104	327	216	160
"345"	"L258P"	454	248	1100	365	1110	494	684	503	411
"346"	"L258S"	16	95	337	168	361	1	212	142	120
"347"	"L258T"	231	76	408	509	425	197	234	446	226
"348"	"L258W"	133	52	369	35	458	169	200	67	62
"349"	"L258Y"	17	27	387	136	445	75	232	94	116
"350"	"L258V"	54	30	502	203	627	80	325	294	276
"351"	"L258X"	0	0	0	3	2	0	0	0	0
"352"	"L258B"	0	0	3	0	4	0	0	0	0
"353"	"I259A"	47	22	345	19	385	48	195	35	51
"354"	"I259R"	25	3	357	128	440	9	272	30	37
"355"	"I259N"	94	52	396	81	366	91	210	122	74
"356"	"I259D"	0	0	0	0	0	0	0	0	0
"357"	"I259C"	65	12	531	117	497	58	283	71	46
"358"	"I259E"	7	29	416	27	466	25	244	35	34
"359"	"I259Q"	53	30	525	45	486	89	258	73	18
"360"	"I259G"	15	66	670	169	594	867	422	45	104
"361"	"I259H"	0	0	0	0	0	0	0	0	0
"362"	"I259I"	4002579	2263051	4361361	2953265	4522465	3673477	2639641	3948855	3427658
"363"	"I259L"	41	23	396	170	432	22	264	188	253
"364"	"I259K"	56	53	695	74	734	35	457	78	56
"365"	"I259M"	57	28	591	233	593	214	349	295	265
"366"	"I259F"	64	35	353	165	390	73	196	159	183
"367"	"I259P"	77	48	500	148	529	75	302	121	88
"368"	"I259S"	33	7	359	35	353	6	208	40	58
"369"	"I259T"	306	199	866	245	975	366	500	298	322
"370"	"I259W"	2	14	437	36	450	17	256	57	32
"371"	"I259Y"	0	0	0	0	1	0	0	0	0
"372"	"I259V"	374	183	806	401	810	302	516	539	496
"373"	"I259X"	0	0	0	0	2	0	0	0	0
"374"	"I259B"	0	0	0	0	0	0	0	0	0
"375"	"S260A"	0	0	0	0	0	0	0	0	0
"376"	"S260R"	292	144	778	345	766	384	441	403	478
"377"	"S260N"	352	233	708	626	792	535	433	774	611
"378"	"S260D"	215	88	353	414	286	168	208	438	542
"379"	"S260C"	140	126	390	229	505	247	290	379	266
"380"	"S260E"	227	111	255	192	295	276	124	295	198
"381"	"S260Q"	0	0	0	0	0	0	0	0	0
"382"	"S260G"	722	380	1755	1110	1942	605	1088	1460	1284
"383"	"S260H"	67	30	308	87	339	60	159	186	205
"384"	"S260I"	484	430	1194	520	984	556	590	481	486
"385"	"S260L"	183	109	481	196	559	299	224	409	182
"386"	"S260K"	310	338	805	493	802	637	509	605	678
"387"	"S260M"	90	20	344	119	468	103	287	259	134
"388"	"S260F"	68	27	418	45	448	15	239	129	81
"389"	"S260P"	26	63	392	65	438	175	195	124	88
"390"	"S260S"	4000430	2261552	4359801	2950167	4520482	3671345	2638710	3944242	3423700
"391"	"S260T"	122	78	543	345	601	115	325	496	468
"392"	"S260W"	8	55	210	118	312	32	178	65	118
"393"	"S260Y"	7	18	368	145	442	110	242	108	92
"394"	"S260V"	151	53	500	142	507	112	331	187	164
"395"	"S260X"	1	0	1	0	0	0	0	1	0
"396"	"S260B"	0	0	0	0	0	0	0	0	0
"397"	"H261A"	0	0	0	1	0	0	0	0	0
"398"	"H261R"	1122	337	1287	669	1302	359	771	1027	718
"399"	"H261N"	280	125	599	397	676	245	319	566	353
"400"	"H261D"	62	89	250	344	257	99	106	579	392
"401"	"H261C"	100	72	237	161	286	30	139	174	176
"402"	"H261E"	98	67	336	337	387	99	202	478	400
"403"	"H261Q"	233	124	537	342	578	310	314	471	468
"404"	"H261G"	90	29	262	197	320	71	200	210	190
"405"	"H261H"	4001105	2262347	4361315	2950408	4522441	3673252	2639499	3944396	3424288
"406"	"H261I"	60	12	581	246	460	47	296	179	238
"407"	"H261L"	115	83	426	151	408	280	242	343	290
"408"	"H261K"	17	41	231	183	255	17	158	347	191
"409"	"H261M"	139	30	417	168	391	33	260	313	197
"410"	"H261F"	1	28	310	213	363	106	185	379	240
"411"	"H261P"	74	20	334	49	397	85	252	60	31
"412"	"H261S"	19	50	276	184	265	71	172	185	186
"413"	"H261T"	89	99	819	504	780	377	567	425	490
"414"	"H261W"	25	21	401	97	448	14	258	89	98
"415"	"H261Y"	244	252	663	420	645	279	431	418	393
"416"	"H261V"	21	29	320	287	306	0	201	402	436
"417"	"H261X"	1	0	3	0	3	0	1	0	0
"418"	"H261B"	0	0	0	0	0	0	0	0	0
"419"	"W262A"	9	42	430	65	427	25	246	102	34
"420"	"W262R"	518	307	1483	362	1574	509	842	607	420
"421"	"W262N"	27	3	359	26	487	26	260	68	28
"422"	"W262D"	49	7	649	35	663	55	376	67	16
"423"	"W262C"	410	276	1334	379	1111	515	718	377	362
"424"	"W262E"	83	17	525	50	527	0	290	78	24
"425"	"W262Q"	27	49	415	59	422	89	262	51	44
"426"	"W262G"	25	36	570	28	612	175	355	97	79
"427"	"W262H"	140	88	621	51	594	90	376	103	125
"428"	"W262I"	59	30	669	201	685	74	360	303	224
"429"	"W262L"	222	163	1046	310	973	254	529	375	309
"430"	"W262K"	38	18	419	9	439	15	236	43	26
"431"	"W262M"	51	24	492	108	484	370	283	125	184
"432"	"W262F"	21	12	519	131	543	72	306	109	63
"433"	"W262P"	44	29	540	18	494	37	306	37	36
"434"	"W262S"	619	61	541	203	561	268	389	185	84
"435"	"W262T"	38	29	511	20	528	47	311	63	27
"436"	"W262W"	4001094	2262470	4356827	2952916	4518057	3672806	2637168	3947479	3427131
"437"	"W262Y"	42	0	387	40	398	23	255	51	22
"438"	"W262V"	7	72	601	135	629	47	333	463	287
"439"	"W262X"	105	36	287	74	362	117	175	77	138
"440"	"W262B"	267	86	379	138	398	160	197	181	112
"441"	"K263A"	29	142	321	265	320	112	222	370	184
"442"	"K263R"	647	314	811	596	829	498	469	880	621
"443"	"K263N"	248	119	650	336	623	190	407	259	302
"444"	"K263D"	95	78	407	129	443	31	243	206	147
"445"	"K263C"	15	48	349	41	324	24	221	185	170
"446"	"K263E"	878	523	1643	803	1838	1132	1061	1069	812
"447"	"K263Q"	77	27	376	134	392	143	233	230	185
"448"	"K263G"	65	9	238	180	298	86	153	266	181
"449"	"K263H"	59	26	483	208	473	57	306	222	199
"450"	"K263I"	198	129	731	358	739	164	369	446	420
"451"	"K263L"	7	36	259	103	265	75	188	69	76
"452"	"K263K"	4000942	2261904	4359109	2950377	4520031	3672592	2637967	3944333	3424329
"453"	"K263M"	88	32	363	238	501	38	254	349	394
"454"	"K263F"	23	138	765	219	773	84	460	318	271
"455"	"K263P"	40	19	413	161	371	48	268	143	109
"456"	"K263S"	64	5	372	199	353	42	248	294	237
"457"	"K263T"	119	58	563	180	577	143	301	327	275
"458"	"K263W"	13	80	675	270	678	144	433	216	221
"459"	"K263Y"	202	20	417	273	462	37	302	467	317
"460"	"K263V"	31	105	591	239	608	57	427	345	280
"461"	"K263X"	55	43	68	49	70	77	41	47	45
"462"	"K263B"	0	0	0	0	0	0	0	0	0
"463"	"G264A"	117	181	551	539	573	204	295	696	670
"464"	"G264R"	87	42	374	261	452	101	245	303	313
"465"	"G264N"	94	74	361	344	408	60	172	433	321
"466"	"G264D"	455	280	845	585	891	443	469	827	737
"467"	"G264C"	385	308	1059	775	934	456	532	784	754
"468"	"G264E"	97	44	275	337	325	76	170	292	402
"469"	"G264Q"	37	87	366	368	440	65	235	774	426
"470"	"G264G"	4000420	2261790	4360132	2947443	4521019	3672655	2639058	3941715	3421043
"471"	"G264H"	120	117	484	1280	365	121	309	522	1022
"472"	"G264I"	9	17	274	139	337	239	197	178	223
"473"	"G264L"	387	67	542	453	563	240	321	504	440
"474"	"G264K"	91	75	362	309	428	84	236	350	371
"475"	"G264M"	67	33	300	255	321	100	149	274	262
"476"	"G264F"	196	39	510	307	581	154	332	557	510
"477"	"G264P"	26	35	388	98	421	8	284	156	125
"478"	"G264S"	177	119	532	397	567	261	343	633	433
"479"	"G264T"	116	78	499	341	553	62	326	613	507
"480"	"G264W"	53	60	506	272	500	45	275	394	286
"481"	"G264Y"	225	63	357	188	392	31	195	254	299
"482"	"G264V"	736	346	887	667	896	369	430	782	631
"483"	"G264X"	0	0	0	0	2	0	0	0	0
"484"	"G264B"	0	0	0	0	0	0	0	0	0
"485"	"N265A"	12	56	467	384	484	167	249	389	417
"486"	"N265R"	25	79	648	542	644	115	388	394	406
"487"	"N265N"	4000662	2262154	4357515	2949306	4518135	3672274	2637529	3942699	3422898
"488"	"N265D"	1069	462	3112	1333	3363	799	1915	1683	1300
"489"	"N265C"	35	59	431	193	507	141	260	447	214
"490"	"N265E"	32	41	492	201	556	280	263	361	399
"491"	"N265Q"	30	37	383	222	399	120	239	356	386
"492"	"N265G"	67	7	473	185	456	101	296	298	354
"493"	"N265H"	43	22	305	210	313	12	180	283	228
"494"	"N265I"	263	63	538	255	570	119	368	290	243
"495"	"N265L"	53	25	128	124	151	4	104	65	76
"496"	"N265K"	318	190	845	858	942	447	404	969	938
"497"	"N265M"	2	17	303	131	263	80	191	293	160
"498"	"N265F"	81	76	601	84	656	233	364	171	138
"499"	"N265P"	29	94	441	112	403	181	208	198	135
"500"	"N265S"	942	319	1116	640	1273	509	655	1013	796
"501"	"N265T"	73	29	450	160	445	44	238	369	248
"502"	"N265W"	18	35	422	57	405	41	235	120	124
"503"	"N265Y"	101	60	418	161	482	80	246	201	113
"504"	"N265V"	40	30	516	200	516	27	240	442	202
"505"	"N265X"	0	0	0	0	5	0	1	0	0
"506"	"N265B"	0	0	0	0	0	0	0	0	0
"507"	"M266A"	13	12	215	82	220	76	145	112	91
"508"	"M266R"	59	50	372	49	384	61	221	62	47
"509"	"M266N"	10	21	380	53	393	0	207	78	123
"510"	"M266D"	0	0	0	0	0	0	0	0	0
"511"	"M266C"	0	0	0	0	0	0	0	0	0
"512"	"M266E"	0	17	305	43	351	38	166	98	59
"513"	"M266Q"	82	1	556	112	529	33	313	115	171
"514"	"M266G"	49	28	402	181	484	27	310	428	262
"515"	"M266H"	0	0	0	0	0	0	0	0	0
"516"	"M266I"	652	408	1548	775	1712	774	940	995	564
"517"	"M266L"	60	89	407	100	458	31	202	148	88
"518"	"M266K"	157	20	339	57	377	74	191	187	95
"519"	"M266M"	4001963	2262637	4361488	2952745	4522284	3672994	2639711	3947395	3426861
"520"	"M266F"	7	8	276	209	357	29	175	155	229
"521"	"M266P"	31	94	560	172	613	78	364	173	193
"522"	"M266S"	240	45	639	219	541	529	380	224	303
"523"	"M266T"	235	138	717	220	765	407	398	366	242
"524"	"M266W"	30	51	481	57	484	46	308	133	81
"525"	"M266Y"	0	0	0	0	0	0	0	0	0
"526"	"M266V"	307	236	915	284	1012	577	541	372	364
"527"	"M266X"	0	0	1	0	0	0	0	0	0
"528"	"M266B"	0	0	3	0	4	0	1	0	2
"529"	"T267A"	677	335	1286	796	1424	797	780	1013	864
"530"	"T267R"	196	225	514	530	562	56	336	627	677
"531"	"T267N"	316	160	487	303	523	166	304	317	348
"532"	"T267D"	11	12	341	269	488	100	221	271	214
"533"	"T267C"	89	93	626	210	692	241	377	322	363
"534"	"T267E"	92	38	490	233	515	74	317	344	308
"535"	"T267Q"	128	120	453	279	454	172	265	401	434
"536"	"T267G"	15	21	416	140	466	35	219	190	154
"537"	"T267H"	82	44	472	324	425	68	310	328	331
"538"	"T267I"	289	145	538	305	613	245	290	404	469
"539"	"T267L"	19	38	366	257	434	26	266	229	184
"540"	"T267K"	32	46	261	329	291	39	132	277	268
"541"	"T267M"	8	37	291	427	318	71	160	261	250
"542"	"T267F"	55	7	369	86	395	35	265	91	165
"543"	"T267P"	111	52	484	80	513	16	296	64	77
"544"	"T267S"	143	112	580	312	611	103	342	349	323
"545"	"T267T"	4001380	2262232	4360292	2949834	4520884	3672914	2638945	3944774	3423723
"546"	"T267W"	160	96	530	202	510	400	260	214	133
"547"	"T267Y"	22	37	354	127	365	105	193	153	180
"548"	"T267V"	69	5	454	315	484	111	294	412	310
"549"	"T267X"	1	0	0	0	0	0	1	0	0
"550"	"T267B"	0	0	0	0	1	0	0	0	0
"551"	"R268A"	17	48	352	283	344	217	249	251	349
"552"	"R268R"	4000292	2261548	4359466	2948427	4520420	3671196	2638414	3941592	3421973
"553"	"R268N"	9	37	201	105	274	30	134	175	192
"554"	"R268D"	216	98	351	147	367	49	214	275	185
"555"	"R268C"	108	34	442	346	431	131	257	474	387
"556"	"R268E"	278	208	956	533	934	577	681	500	570
"557"	"R268Q"	101	40	306	209	336	96	200	526	233
"558"	"R268G"	648	577	1448	778	1529	939	905	1241	937
"559"	"R268H"	58	46	323	167	332	40	191	351	224
"560"	"R268I"	9	49	372	180	413	20	217	307	242
"561"	"R268L"	235	151	589	421	646	69	359	577	579
"562"	"R268K"	868	162	466	405	547	179	222	598	537
"563"	"R268M"	302	313	776	545	823	620	422	792	590
"564"	"R268F"	100	45	645	594	572	265	364	519	522
"565"	"R268P"	35	26	245	348	324	293	181	325	321
"566"	"R268S"	351	226	809	560	819	494	500	767	578
"567"	"R268T"	70	70	353	183	374	101	227	345	258
"568"	"R268W"	117	94	634	365	705	145	363	399	313
"569"	"R268Y"	53	44	474	305	404	100	257	403	371
"570"	"R268V"	28	38	396	456	373	212	216	624	414
"571"	"R268X"	0	1	0	1	1	1	0	0	0
"572"	"R268B"	0	0	0	0	0	0	0	0	0
"573"	"L269A"	353	19	725	297	652	81	398	441	449
"574"	"L269R"	38	192	508	856	555	59	329	940	1003
"575"	"L269N"	55	29	409	253	445	56	255	216	258
"576"	"L269D"	16	15	445	141	472	145	251	226	228
"577"	"L269C"	0	0	0	0	0	0	0	0	0
"578"	"L269E"	118	106	1901	751	1442	361	928	672	757
"579"	"L269Q"	35	60	436	512	468	103	254	529	379
"580"	"L269G"	5	0	266	169	296	277	167	177	143
"581"	"L269H"	53	88	618	600	633	96	356	981	896
"582"	"L269I"	86	49	424	365	532	177	263	460	434
"583"	"L269L"	4002214	2262452	4360169	2949318	4521463	3673223	2639089	3943543	3421921
"584"	"L269K"	42	58	260	270	293	89	173	232	233
"585"	"L269M"	256	187	598	340	720	240	339	501	604
"586"	"L269F"	60	47	374	105	377	187	239	155	99
"587"	"L269P"	478	350	1136	468	1202	442	707	569	962
"588"	"L269S"	8	0	28	13	15	0	12	10	20
"589"	"L269T"	11	5	284	269	311	25	164	455	381
"590"	"L269W"	0	13	137	63	159	15	89	49	46
"591"	"L269Y"	1	56	412	189	434	50	274	308	178
"592"	"L269V"	66	129	474	379	499	148	286	576	783
"593"	"L269X"	0	0	0	0	0	0	0	0	1
"594"	"L269B"	0	0	0	0	0	0	0	1	0
"595"	"P270A"	68	79	547	250	597	73	331	314	369
"596"	"P270R"	142	45	468	286	495	128	254	362	303
"597"	"P270N"	61	66	716	377	660	312	308	387	346
"598"	"P270D"	115	37	511	402	614	123	286	586	590
"599"	"P270C"	246	98	457	453	560	210	247	468	293
"600"	"P270E"	195	45	522	543	633	104	317	739	558
"601"	"P270Q"	175	21	550	204	513	188	319	397	355
"602"	"P270G"	47	60	638	181	628	33	312	179	207
"603"	"P270H"	337	253	765	644	797	326	452	1198	921
"604"	"P270I"	202	170	849	298	957	241	487	262	327
"605"	"P270L"	323	264	1055	260	970	330	561	432	339
"606"	"P270K"	90	34	480	274	527	18	257	402	219
"607"	"P270M"	22	14	579	222	569	49	289	184	313
"608"	"P270F"	175	142	491	170	484	302	308	257	181
"609"	"P270P"	3999518	2260676	4357402	2948239	4517924	3667830	2637665	3941467	3421438
"610"	"P270S"	800	383	1183	705	1385	666	699	1028	803
"611"	"P270T"	231	137	783	526	945	179	541	697	440
"612"	"P270W"	528	344	496	294	490	623	285	302	306
"613"	"P270Y"	614	944	625	854	633	4016	345	895	1092
"614"	"P270V"	6	43	486	176	587	22	310	485	375
"615"	"P270X"	0	0	1	0	0	1	0	0	0
"616"	"P270B"	0	0	0	0	0	0	0	0	0
"617"	"R271A"	0	0	0	0	0	0	0	0	1
"618"	"R271R"	3992047	2254802	4355079	2949662	4517313	3661997	2636758	3943255	3423631
"619"	"R271N"	14	60	415	55	440	25	221	96	65
"620"	"R271D"	0	17	453	13	401	46	238	21	21
"621"	"R271C"	2703	1625	1018	927	1043	1998	562	1110	836
"622"	"R271E"	8	16	342	70	369	27	191	49	14
"623"	"R271Q"	35	26	297	19	286	1	161	127	237
"624"	"R271G"	41	67	513	342	529	123	312	264	222
"625"	"R271H"	566	314	1427	620	1606	524	797	811	633
"626"	"R271I"	1199	980	375	257	386	1535	206	443	262
"627"	"R271L"	1626	1231	921	553	946	2057	471	976	560
"628"	"R271K"	344	591	326	332	381	582	243	558	401
"629"	"R271M"	535	559	348	296	395	942	221	341	387
"630"	"R271F"	2901	1791	412	528	442	2761	247	619	699
"631"	"R271P"	59	18	311	33	278	81	198	48	39
"632"	"R271S"	314	232	2349	431	1842	558	1025	735	571
"633"	"R271T"	103	220	392	283	451	182	238	345	263
"634"	"R271W"	74	68	253	86	313	159	167	146	122
"635"	"R271Y"	466	559	4022	511	3159	975	2095	610	526
"636"	"R271V"	860	679	351	340	388	1201	222	487	285
"637"	"R271X"	0	0	0	0	0	0	0	0	0
"638"	"R271B"	0	0	0	0	0	0	0	0	0
"639"	"L272A"	190	14	611	411	535	37	355	439	294
"640"	"L272R"	500	922	546	698	539	1059	297	915	656
"641"	"L272N"	143	141	791	990	800	390	508	1049	835
"642"	"L272D"	5	39	497	58	533	1	343	112	113
"643"	"L272C"	193	64	745	527	734	189	472	850	942
"644"	"L272E"	164	140	1101	251	1031	450	694	364	250
"645"	"L272Q"	15	23	361	236	370	30	221	298	252
"646"	"L272G"	138	17	520	182	512	41	278	239	272
"647"	"L272H"	129	174	460	475	476	170	313	648	575
"648"	"L272I"	324	206	703	571	855	260	485	748	485
"649"	"L272L"	4000615	2261110	4358808	2948259	4519808	3671308	2637925	3941632	3422120
"650"	"L272K"	479	363	594	590	608	498	354	946	763
"651"	"L272M"	111	58	479	257	568	122	290	281	317
"652"	"L272F"	206	72	457	298	546	117	316	455	274
"653"	"L272P"	420	248	996	359	999	450	578	471	396
"654"	"L272S"	11	12	28	9	28	9	12	17	7
"655"	"L272T"	6	39	98	58	86	62	35	121	80
"656"	"L272W"	13	31	470	122	570	72	322	189	159
"657"	"L272Y"	117	98	597	439	598	105	318	543	384
"658"	"L272V"	116	84	741	568	767	404	456	724	600
"659"	"L272X"	0	0	1	0	4	0	1	0	1
"660"	"L272B"	0	0	0	0	1	0	0	0	0
"661"	"L273A"	2	16	379	40	401	42	254	34	49
"662"	"L273R"	44	39	506	51	597	73	327	121	67
"663"	"L273N"	68	106	568	50	562	83	350	25	26
"664"	"L273D"	76	16	711	62	678	181	415	49	20
"665"	"L273C"	0	0	0	0	0	0	0	0	0
"666"	"L273E"	28	26	615	22	571	59	292	60	27
"667"	"L273Q"	125	97	502	94	651	206	316	149	98
"668"	"L273G"	127	56	528	142	555	42	277	68	94
"669"	"L273H"	72	64	504	50	523	96	302	39	33
"670"	"L273I"	146	67	508	347	432	158	239	400	235
"671"	"L273L"	4002166	2262805	4359274	2953156	4520417	3673754	2638565	3948266	3427736
"672"	"L273K"	26	12	475	20	479	31	283	21	56
"673"	"L273M"	134	73	738	146	763	100	472	249	124
"674"	"L273F"	27	17	405	87	325	35	245	200	115
"675"	"L273P"	639	334	2010	341	2101	671	1090	685	370
"676"	"L273S"	0	0	1	0	1	0	0	0	0
"677"	"L273T"	39	30	524	182	450	146	347	57	107
"678"	"L273W"	58	22	415	68	426	37	264	76	130
"679"	"L273Y"	19	34	447	36	482	30	222	104	47
"680"	"L273V"	99	41	494	464	552	30	313	438	441
"681"	"L273X"	0	0	0	0	2	0	0	0	0
"682"	"L273B"	0	0	0	0	0	0	0	0	0
"683"	"V274A"	413	285	1064	422	1101	450	668	529	465
"684"	"V274R"	27	36	418	92	426	60	253	87	144
"685"	"V274N"	3	23	272	64	326	0	183	33	19
"686"	"V274D"	130	30	598	43	531	97	323	63	45
"687"	"V274C"	401	86	411	98	460	11	258	195	118
"688"	"V274E"	53	26	497	42	570	141	317	36	42
"689"	"V274Q"	12	11	402	38	375	12	232	72	48
"690"	"V274G"	33	23	524	64	539	32	325	125	104
"691"	"V274H"	36	83	323	31	382	80	198	169	56
"692"	"V274I"	665	154	522	330	578	216	279	548	558
"693"	"V274L"	71	17	530	200	467	47	323	398	220
"694"	"V274K"	10	14	354	18	380	3	214	79	29
"695"	"V274M"	33	7	345	256	354	18	199	215	229
"696"	"V274F"	214	158	736	305	828	243	412	412	315
"697"	"V274P"	158	28	432	12	415	34	259	53	30
"698"	"V274S"	5	17	362	102	443	27	245	91	44
"699"	"V274T"	14	28	428	118	443	99	283	107	67
"700"	"V274W"	24	53	573	127	571	79	396	206	133
"701"	"V274Y"	445	14	305	212	337	25	179	170	162
"702"	"V274V"	4001148	2262762	4360507	2952784	4521439	3674100	2639027	3947453	3426947
"703"	"V274X"	0	0	1	0	2	0	0	0	0
"704"	"V274B"	0	0	0	0	1	0	0	0	0
